object={
	name="tree_leaf_high_generator_3_0"
	render_pass=Map
	clamp_to_water_level=no
	generated_content=yes
	layer="tree_high_layer"
	pdxmesh="tree_leaf_01_c_mesh"
	count=488
	transform="1308.210815 0.000000 2695.008545 0.000000 0.643403 0.000000 0.765527 0.793209 0.793209 0.793209
1330.205688 0.000000 2747.736328 0.000000 0.259753 0.000000 0.965675 0.666765 0.666765 0.666765
1325.733032 0.000000 2730.644287 0.000000 0.702782 0.000000 -0.711405 0.885364 0.885364 0.885364
1299.482666 0.000000 2696.367432 0.000000 0.289339 0.000000 0.957227 0.731123 0.731123 0.731123
1325.981567 0.000000 2717.630127 0.000000 0.067694 0.000000 -0.997706 0.829719 0.829719 0.829719
1322.452515 0.000000 2735.178467 0.000000 0.240564 0.000000 0.970633 0.698958 0.698958 0.698958
1303.325317 0.000000 2692.646729 0.000000 0.073343 0.000000 0.997307 0.625945 0.625945 0.625945
1293.827515 0.000000 2737.003174 0.000000 0.955068 0.000000 -0.296386 0.820013 0.820013 0.820013
1331.714478 0.000000 2729.050293 0.000000 0.756189 0.000000 -0.654353 0.822225 0.822225 0.822225
1343.432861 0.000000 2734.194092 0.000000 0.988030 0.000000 0.154262 0.794710 0.794710 0.794710
1328.017822 0.000000 2726.792480 0.000000 0.782628 0.000000 0.622490 0.716260 0.716260 0.716260
1329.543213 0.000000 2715.727295 0.000000 0.457181 0.000000 -0.889374 0.906382 0.906382 0.906382
1333.832886 0.000000 2749.409912 0.000000 0.278988 0.000000 -0.960295 0.878720 0.878720 0.878720
1312.506226 0.000000 2702.747314 0.000000 0.998607 0.000000 -0.052765 0.806421 0.806421 0.806421
1329.272583 0.000000 2731.849365 0.000000 0.569919 0.000000 -0.821701 0.838715 0.838715 0.838715
1330.696899 0.000000 2751.318848 0.000000 0.273716 0.000000 0.961811 0.664366 0.664366 0.664366
1306.869873 0.000000 2691.890869 0.000000 0.966741 0.000000 0.255758 0.780939 0.780939 0.780939
1328.365234 0.000000 2723.184082 0.000000 0.339585 0.000000 -0.940575 0.860153 0.860153 0.860153
1325.230835 0.000000 2733.737793 0.000000 0.682493 0.000000 0.730892 0.716022 0.716022 0.716022
1313.727051 0.000000 2705.378418 0.000000 0.864541 0.000000 -0.502561 0.848587 0.848587 0.848587
1320.152588 0.000000 2733.456787 0.000000 0.333441 0.000000 -0.942771 0.881861 0.881861 0.881861
1294.132080 0.000000 2734.385498 0.000000 0.953807 0.000000 -0.300419 0.822305 0.822305 0.822305
1330.616943 0.000000 2726.543945 0.000000 0.566319 0.000000 -0.824186 0.878362 0.878362 0.878362
1381.040771 0.000000 2733.261475 0.000000 0.697362 0.000000 -0.716719 0.812927 0.812927 0.812927
1384.157593 0.000000 2749.284424 0.000000 0.073336 0.000000 0.997307 0.776673 0.776673 0.776673
1389.479370 0.000000 2739.799072 0.000000 0.928443 0.000000 -0.371475 0.815279 0.815279 0.815279
1344.336914 0.000000 2738.460449 0.000000 0.190742 0.000000 -0.981640 0.853702 0.853702 0.853702
1382.787964 0.000000 2739.732178 0.000000 0.537568 0.000000 0.843220 0.749506 0.749506 0.749506
1388.782715 0.000000 2745.565430 0.000000 0.183364 0.000000 -0.983045 0.858979 0.858979 0.858979
1385.529175 0.000000 2742.903809 0.000000 0.940792 0.000000 -0.338985 0.815956 0.815956 0.815956
1377.581055 0.000000 2734.296875 0.000000 0.343258 0.000000 -0.939241 0.888480 0.888480 0.888480
1386.193115 0.000000 2738.868408 0.000000 0.752728 0.000000 -0.658332 0.882668 0.882668 0.882668
1385.078003 0.000000 2746.276123 0.000000 0.983061 0.000000 -0.183281 0.811817 0.811817 0.811817
1387.147095 0.000000 2747.831299 0.000000 0.277115 0.000000 -0.960837 0.911303 0.911303 0.911303
1308.210815 0.000000 2758.992920 0.000000 0.891414 0.000000 -0.453189 0.814091 0.814091 0.814091
1296.910278 0.000000 2768.745605 0.000000 0.998225 0.000000 -0.059554 0.806641 0.806641 0.806641
1311.158447 0.000000 2807.261963 0.000000 0.634625 0.000000 -0.772820 0.858216 0.858216 0.858216
1340.394897 0.000000 2812.048828 0.000000 0.133104 0.000000 0.991102 0.710437 0.710437 0.710437
1296.049683 0.000000 2777.915771 0.000000 0.380065 0.000000 -0.924960 0.904014 0.904014 0.904014
1341.491211 0.000000 2752.134766 0.000000 0.220983 0.000000 0.975278 0.642505 0.642505 0.642505
1293.441895 0.000000 2772.111572 0.000000 0.585965 0.000000 0.810336 0.742829 0.742829 0.742829
1304.133057 0.000000 2761.251709 0.000000 0.600567 0.000000 0.799574 0.730047 0.730047 0.730047
1314.277100 0.000000 2803.322998 0.000000 0.472191 0.000000 -0.881496 0.826507 0.826507 0.826507
1298.792969 0.000000 2781.170898 0.000000 0.784316 0.000000 -0.620362 0.832879 0.832879 0.832879
1296.452393 0.000000 2774.348389 0.000000 0.197287 0.000000 -0.980346 0.849331 0.849331 0.849331
1338.221191 0.000000 2753.296387 0.000000 0.074909 0.000000 0.997190 0.742640 0.742640 0.742640
1331.784546 0.000000 2751.764893 0.000000 0.879191 0.000000 -0.476469 0.852075 0.852075 0.852075
1342.798218 0.000000 2813.983154 0.000000 0.489119 0.000000 -0.872217 0.887623 0.887623 0.887623
1311.362915 0.000000 2804.292725 0.000000 0.312643 0.000000 -0.949871 0.890079 0.890079 0.890079
1293.886597 0.000000 2775.891113 0.000000 0.455466 0.000000 -0.890253 0.894070 0.894070 0.894070
1296.885376 0.000000 2771.565430 0.000000 0.166791 0.000000 0.985992 0.703311 0.703311 0.703311
1404.387085 0.000000 2812.048828 0.000000 0.543990 0.000000 0.839092 0.718274 0.718274 0.718274
1389.725220 0.000000 2794.628662 0.000000 0.765123 0.000000 -0.643884 0.873353 0.873353 0.873353
1360.041870 0.000000 2777.915771 0.000000 0.822903 0.000000 0.568183 0.709843 0.709843 0.709843
1343.937988 0.000000 2812.399658 0.000000 0.935520 0.000000 -0.353274 0.829855 0.829855 0.829855
1363.711792 0.000000 2772.806885 0.000000 0.004013 0.000000 0.999992 0.700490 0.700490 0.700490
1365.606689 0.000000 2805.674316 0.000000 0.915501 0.000000 -0.402316 0.825056 0.825056 0.825056
1360.444580 0.000000 2774.348389 0.000000 0.855063 0.000000 -0.518524 0.852260 0.852260 0.852260
1362.673218 0.000000 2776.218994 0.000000 0.566435 0.000000 -0.824107 0.858037 0.858037 0.858037
1363.960571 0.000000 2807.793945 0.000000 0.476471 0.000000 -0.879190 0.871440 0.871440 0.871440
1462.881348 0.000000 2752.080322 0.000000 0.778760 0.000000 -0.627322 0.826816 0.826816 0.826816
1457.586914 0.000000 2764.809814 0.000000 0.998900 0.000000 -0.046893 0.800562 0.800562 0.800562
1467.492554 0.000000 2757.705566 0.000000 0.699913 0.000000 0.714228 0.771401 0.771401 0.771401
1460.712402 0.000000 2758.631348 0.000000 0.816258 0.000000 0.577687 0.728040 0.728040 0.728040
1407.930176 0.000000 2812.399658 0.000000 0.695941 0.000000 -0.718099 0.818239 0.818239 0.818239
1469.475586 0.000000 2752.134766 0.000000 0.878569 0.000000 0.477616 0.790453 0.790453 0.790453
1455.681274 0.000000 2760.202393 0.000000 0.938490 0.000000 0.345308 0.761553 0.761553 0.761553
1452.461792 0.000000 2763.986572 0.000000 0.660479 0.000000 -0.750844 0.876844 0.876844 0.876844
1463.733154 0.000000 2755.882324 0.000000 0.986558 0.000000 0.163410 0.792034 0.792034 0.792034
1413.096802 0.000000 2793.002441 0.000000 0.991356 0.000000 0.131201 0.788095 0.788095 0.788095
1466.205566 0.000000 2753.296387 0.000000 0.418097 0.000000 -0.908402 0.882610 0.882610 0.882610
1458.836914 0.000000 2761.500000 0.000000 0.312928 0.000000 -0.949777 0.881051 0.881051 0.881051
1509.025146 0.000000 2797.245850 0.000000 0.503099 0.000000 0.864229 0.764358 0.764358 0.764358
1523.517212 0.000000 2788.162598 0.000000 0.965543 0.000000 -0.260242 0.812304 0.812304 0.812304
1517.463745 0.000000 2803.783447 0.000000 0.460243 0.000000 0.887793 0.678242 0.678242 0.678242
1517.709595 0.000000 2794.628662 0.000000 0.234478 0.000000 -0.972122 0.833573 0.833573 0.833573
1524.493896 0.000000 2797.647461 0.000000 0.053721 0.000000 -0.998556 0.904532 0.904532 0.904532
1510.772339 0.000000 2803.716553 0.000000 0.229857 0.000000 0.973224 0.638756 0.638756 0.638756
1522.996094 0.000000 2805.893555 0.000000 0.973106 0.000000 -0.230357 0.818941 0.818941 0.818941
1520.062988 0.000000 2799.527100 0.000000 0.237964 0.000000 -0.971274 0.888491 0.888491 0.888491
1523.691040 0.000000 2793.034668 0.000000 0.715854 0.000000 -0.698250 0.897720 0.897720 0.897720
1506.253662 0.000000 2803.322998 0.000000 0.579030 0.000000 -0.815306 0.825702 0.825702 0.825702
1513.179443 0.000000 2794.851807 0.000000 0.883408 0.000000 -0.468605 0.862243 0.862243 0.862243
1519.994385 0.000000 2790.776855 0.000000 0.735206 0.000000 0.677844 0.711191 0.711191 0.711191
1524.329346 0.000000 2801.873779 0.000000 0.926256 0.000000 -0.376896 0.848162 0.848162 0.848162
1515.622192 0.000000 2791.406738 0.000000 0.906301 0.000000 0.422633 0.774378 0.774378 0.774378
1521.249146 0.000000 2795.833740 0.000000 0.593748 0.000000 -0.804651 0.875638 0.875638 0.875638
1519.452026 0.000000 2806.864502 0.000000 0.620685 0.000000 -0.784060 0.841037 0.841037 0.841037
1511.050537 0.000000 2800.026123 0.000000 0.162787 0.000000 -0.986661 0.960209 0.960209 0.960209
1514.177490 0.000000 2802.852783 0.000000 0.646818 0.000000 0.762645 0.742831 0.742831 0.742831
1521.095581 0.000000 2802.884766 0.000000 0.994002 0.000000 -0.109364 0.810834 0.810834 0.810834
1517.115479 0.000000 2800.766602 0.000000 0.058359 0.000000 0.998296 0.669509 0.669509 0.669509
1244.218628 0.000000 2886.961670 0.000000 0.155048 0.000000 0.987907 0.690621 0.690621 0.690621
1242.821289 0.000000 2921.102295 0.000000 0.960103 0.000000 -0.279645 0.802378 0.802378 0.802378
1239.522461 0.000000 2929.712402 0.000000 0.694081 0.000000 -0.719897 0.859709 0.859709 0.859709
1233.932983 0.000000 2931.740967 0.000000 0.925872 0.000000 0.377836 0.788624 0.788624 0.788624
1237.622314 0.000000 2933.643066 0.000000 0.912206 0.000000 -0.409733 0.828330 0.828330 0.828330
1248.443359 0.000000 2903.177490 0.000000 0.023193 0.000000 0.999731 0.716545 0.716545 0.716545
1247.353027 0.000000 2887.888916 0.000000 0.305032 0.000000 0.952342 0.691971 0.691971 0.691971
1246.968750 0.000000 2900.759033 0.000000 0.960666 0.000000 0.277705 0.779430 0.779430 0.779430
1339.113281 0.000000 2841.905518 0.000000 0.120877 0.000000 0.992667 0.753966 0.753966 0.753966
1341.113770 0.000000 2851.464355 0.000000 0.851092 0.000000 0.525017 0.792714 0.792714 0.792714
1333.363281 0.000000 2845.535400 0.000000 0.077017 0.000000 -0.997030 0.836694 0.836694 0.836694
1294.583252 0.000000 2826.477539 0.000000 0.073155 0.000000 -0.997321 0.989331 0.989331 0.989331
1338.147339 0.000000 2847.301514 0.000000 0.707542 0.000000 0.706671 0.750627 0.750627 0.750627
1341.859497 0.000000 2845.213867 0.000000 0.935252 0.000000 0.353982 0.765096 0.765096 0.765096
1294.999634 0.000000 2829.941895 0.000000 0.775783 0.000000 -0.631000 0.832322 0.832322 0.832322
1341.430908 0.000000 2848.394775 0.000000 0.987860 0.000000 -0.155349 0.810561 0.810561 0.810561
1335.369263 0.000000 2847.718018 0.000000 0.943181 0.000000 0.332280 0.778690 0.778690 0.778690
1375.150635 0.000000 2871.246338 0.000000 0.744541 0.000000 0.667576 0.735619 0.735619 0.735619
1394.197876 0.000000 2875.705078 0.000000 0.999635 0.000000 -0.027027 0.801247 0.801247 0.801247
1344.066528 0.000000 2840.191162 0.000000 0.616904 0.000000 0.787038 0.722373 0.722373 0.722373
1344.549927 0.000000 2849.478271 0.000000 0.308361 0.000000 0.951269 0.656109 0.656109 0.656109
1395.011719 0.000000 2869.877930 0.000000 0.106810 0.000000 -0.994279 0.838591 0.838591 0.838591
1405.483398 0.000000 2816.119141 0.000000 0.898314 0.000000 0.439355 0.792096 0.792096 0.792096
1399.490234 0.000000 2873.062988 0.000000 0.077839 0.000000 -0.996966 0.926123 0.926123 0.926123
1346.598511 0.000000 2844.854736 0.000000 0.086602 0.000000 0.996243 0.644386 0.644386 0.644386
1384.070801 0.000000 2827.347412 0.000000 0.943066 0.000000 0.332605 0.769323 0.769323 0.769323
1369.032104 0.000000 2875.397217 0.000000 0.371932 0.000000 -0.928260 0.858453 0.858453 0.858453
1397.825073 0.000000 2877.378662 0.000000 0.489127 0.000000 -0.872213 0.933339 0.933339 0.933339
1394.689087 0.000000 2879.287598 0.000000 0.983731 0.000000 -0.179646 0.813853 0.813853 0.813853
1401.355713 0.000000 2877.646973 0.000000 0.606542 0.000000 0.795051 0.747684 0.747684 0.747684
1382.710083 0.000000 2824.172852 0.000000 0.977831 0.000000 -0.209397 0.810870 0.810870 0.810870
1391.544189 0.000000 2877.513672 0.000000 0.012203 0.000000 -0.999926 0.969030 0.969030 0.969030
1346.800537 0.000000 2841.730469 0.000000 0.431182 0.000000 -0.902265 0.855947 0.855947 0.855947
1343.910767 0.000000 2846.387939 0.000000 0.329301 0.000000 0.944225 0.691203 0.691203 0.691203
1398.205811 0.000000 2870.087646 0.000000 0.447438 0.000000 -0.894315 0.869638 0.869638 0.869638
1374.696411 0.000000 2876.282227 0.000000 0.853936 0.000000 0.520377 0.753763 0.753763 0.753763
1376.975830 0.000000 2873.718506 0.000000 0.693482 0.000000 -0.720474 0.868930 0.868930 0.868930
1391.715820 0.000000 2873.937744 0.000000 0.356780 0.000000 0.934189 0.732077 0.732077 0.732077
1349.765381 0.000000 2846.049561 0.000000 0.070809 0.000000 -0.997490 0.907846 0.907846 0.907846
1302.817261 0.000000 2910.728760 0.000000 0.979788 0.000000 -0.200039 0.800241 0.800241 0.800241
1306.813477 0.000000 2921.102295 0.000000 1.000000 0.000000 -0.000877 0.800059 0.800059 0.800059
1299.469116 0.000000 2917.516113 0.000000 0.009477 0.000000 -0.999955 0.831807 0.831807 0.831807
1310.559570 0.000000 2915.105713 0.000000 0.938788 0.000000 0.344496 0.791992 0.791992 0.791992
1305.250977 0.000000 2916.027588 0.000000 0.399600 0.000000 0.916690 0.763867 0.763867 0.763867
1307.412476 0.000000 2911.547119 0.000000 0.506393 0.000000 0.862303 0.746420 0.746420 0.746420
1302.852783 0.000000 2919.836182 0.000000 0.179922 0.000000 -0.983681 0.964891 0.964891 0.964891
1298.596191 0.000000 2921.655518 0.000000 0.758330 0.000000 0.651871 0.777026 0.777026 0.777026
1309.939453 0.000000 2918.869385 0.000000 0.331194 0.000000 0.943563 0.696552 0.696552 0.696552
1304.673584 0.000000 2912.968018 0.000000 0.103351 0.000000 0.994645 0.694503 0.694503 0.694503
1308.137695 0.000000 2916.628174 0.000000 0.028918 0.000000 -0.999582 0.954282 0.954282 0.954282
1395.776733 0.000000 2879.733643 0.000000 0.977429 0.000000 0.211264 0.783674 0.783674 0.783674
1445.032959 0.000000 2861.230225 0.000000 0.783047 0.000000 -0.621962 0.848665 0.848665 0.848665
1419.209839 0.000000 2816.099365 0.000000 0.124487 0.000000 0.992221 0.791336 0.791336 0.791336
1439.142822 0.000000 2871.246338 0.000000 0.971059 0.000000 -0.238838 0.805636 0.805636 0.805636
1416.629639 0.000000 2835.640625 0.000000 0.970745 0.000000 0.240113 0.773122 0.773122 0.773122
1441.495605 0.000000 2856.181152 0.000000 0.951301 0.000000 -0.308264 0.805257 0.805257 0.805257
1433.532715 0.000000 2871.104248 0.000000 0.957445 0.000000 -0.288615 0.811227 0.811227 0.811227
1436.496582 0.000000 2867.722168 0.000000 0.656969 0.000000 0.753918 0.722734 0.722734 0.722734
1425.357910 0.000000 2815.318359 0.000000 0.994127 0.000000 -0.108217 0.803638 0.803638 0.803638
1445.110352 0.000000 2857.591797 0.000000 0.196147 0.000000 0.980574 0.731701 0.731701 0.731701
1441.573242 0.000000 2862.265625 0.000000 0.968567 0.000000 -0.248752 0.820485 0.820485 0.820485
1434.774048 0.000000 2864.813721 0.000000 0.067401 0.000000 -0.997726 0.878366 0.878366 0.878366
1422.235596 0.000000 2816.880615 0.000000 0.656688 0.000000 -0.754162 0.873204 0.873204 0.873204
1433.496216 0.000000 2868.003662 0.000000 0.034879 0.000000 -0.999392 0.891107 0.891107 0.891107
1436.103027 0.000000 2870.332764 0.000000 0.227363 0.000000 0.973810 0.679438 0.679438 0.679438
1523.517212 0.000000 2852.146973 0.000000 0.793665 0.000000 0.608355 0.773746 0.773746 0.773746
1488.886841 0.000000 2832.729980 0.000000 0.829638 0.000000 -0.558302 0.809583 0.809583 0.809583
1481.495605 0.000000 2825.557861 0.000000 0.885409 0.000000 -0.464813 0.830993 0.830993 0.830993
1532.371460 0.000000 2876.033203 0.000000 0.717916 0.000000 -0.696130 0.844752 0.844752 0.844752
1491.459229 0.000000 2824.336182 0.000000 0.999758 0.000000 0.022015 0.798087 0.798087 0.798087
1483.678223 0.000000 2830.741211 0.000000 0.716407 0.000000 0.697682 0.711633 0.711633 0.711633
1486.559814 0.000000 2826.477539 0.000000 0.928137 0.000000 0.372238 0.753150 0.753150 0.753150
1478.644897 0.000000 2830.216064 0.000000 0.085966 0.000000 0.996298 0.744845 0.744845 0.744845
1490.195068 0.000000 2828.620605 0.000000 0.311756 0.000000 0.950162 0.694079 0.694079 0.694079
1487.862305 0.000000 2822.868408 0.000000 0.136877 0.000000 0.990588 0.636808 0.636808 0.636808
1485.738525 0.000000 2832.897217 0.000000 0.020113 0.000000 -0.999798 0.882692 0.882692 0.882692
1456.106323 0.000000 2901.240234 0.000000 0.021257 0.000000 0.999774 0.664448 0.664448 0.664448
1424.269043 0.000000 2924.655029 0.000000 0.674142 0.000000 0.738602 0.776100 0.776100 0.776100
1419.200684 0.000000 2917.104980 0.000000 0.971132 0.000000 0.238543 0.792784 0.792784 0.792784
1453.965942 0.000000 2909.583252 0.000000 0.923900 0.000000 0.382633 0.783296 0.783296 0.783296
1463.199951 0.000000 2899.823242 0.000000 0.203906 0.000000 0.978991 0.722277 0.722277 0.722277
1460.279785 0.000000 2904.399414 0.000000 0.918867 0.000000 0.394567 0.763790 0.763790 0.763790
1453.249023 0.000000 2905.166992 0.000000 0.763497 0.000000 -0.645811 0.868148 0.868148 0.868148
1419.886597 0.000000 2924.950928 0.000000 0.844037 0.000000 -0.536285 0.837306 0.837306 0.837306
1457.527588 0.000000 2907.680420 0.000000 0.763985 0.000000 0.645234 0.730244 0.730244 0.730244
1419.428589 0.000000 2920.877686 0.000000 0.762845 0.000000 0.646581 0.727541 0.727541 0.727541
1423.610474 0.000000 2916.195312 0.000000 0.950344 0.000000 0.311200 0.783693 0.783693 0.783693
1416.265747 0.000000 2919.222412 0.000000 0.991863 0.000000 0.127313 0.793345 0.793345 0.793345
1460.041260 0.000000 2901.026123 0.000000 0.814007 0.000000 0.580856 0.729814 0.729814 0.729814
1456.368530 0.000000 2904.453369 0.000000 0.598038 0.000000 -0.801468 0.894146 0.894146 0.894146
1463.058716 0.000000 2903.078125 0.000000 0.075257 0.000000 -0.997164 0.907525 0.907525 0.907525
1450.405518 0.000000 2906.733154 0.000000 0.677649 0.000000 -0.735386 0.846535 0.846535 0.846535
1485.248047 0.000000 2935.744873 0.000000 0.123668 0.000000 0.992324 0.737584 0.737584 0.737584
1531.484741 0.000000 2885.674316 0.000000 0.948691 0.000000 0.316206 0.790747 0.790747 0.790747
1482.182129 0.000000 2940.994873 0.000000 0.982255 0.000000 0.187550 0.781913 0.781913 0.781913
1533.467773 0.000000 2880.103516 0.000000 0.978086 0.000000 0.208202 0.776123 0.776123 0.776123
1533.834717 0.000000 2889.564697 0.000000 0.454708 0.000000 -0.890640 0.942202 0.942202 0.942202
1489.197021 0.000000 2936.613037 0.000000 0.341860 0.000000 0.939751 0.759001 0.759001 0.759001
1535.006348 0.000000 2886.199707 0.000000 0.691449 0.000000 -0.722425 0.860464 0.860464 0.860464
1485.441650 0.000000 2939.316895 0.000000 0.965522 0.000000 0.260322 0.775226 0.775226 0.775226
1479.073364 0.000000 2940.593506 0.000000 0.971729 0.000000 0.236100 0.789146 0.789146 0.789146
1533.699463 0.000000 2883.453857 0.000000 0.500140 0.000000 -0.865945 0.905396 0.905396 0.905396
1345.338135 0.000000 2959.137695 0.000000 0.206668 0.000000 0.978411 0.791019 0.791019 0.791019
1384.157593 0.000000 3005.221924 0.000000 0.104341 0.000000 -0.994542 0.898397 0.898397 0.898397
1353.511230 0.000000 2953.526611 0.000000 0.967102 0.000000 -0.254389 0.826200 0.826200 0.826200
1344.066528 0.000000 2968.159912 0.000000 0.369222 0.000000 0.929341 0.741404 0.741404 0.741404
1352.637451 0.000000 2963.609375 0.000000 0.709063 0.000000 0.705145 0.715124 0.715124 0.715124
1405.105957 0.000000 2979.433105 0.000000 0.306324 0.000000 -0.951927 0.904895 0.904895 0.904895
1355.693848 0.000000 2958.709961 0.000000 0.962670 0.000000 -0.270679 0.810839 0.810839 0.810839
1349.197021 0.000000 2967.607666 0.000000 0.507227 0.000000 -0.861813 0.872203 0.872203 0.872203
1358.575439 0.000000 2954.446289 0.000000 0.883974 0.000000 0.467536 0.788632 0.788632 0.788632
1350.660522 0.000000 2958.184814 0.000000 0.989756 0.000000 0.142771 0.791245 0.791245 0.791245
1346.598511 0.000000 2972.823486 0.000000 0.995417 0.000000 -0.095628 0.805165 0.805165 0.805165
1391.689087 0.000000 2952.155518 0.000000 0.207983 0.000000 0.978132 0.722514 0.722514 0.722514
1381.819946 0.000000 3000.706055 0.000000 0.022783 0.000000 -0.999740 0.858434 0.858434 0.858434
1388.469604 0.000000 2955.939697 0.000000 0.985258 0.000000 -0.171072 0.815966 0.815966 0.815966
1346.180908 0.000000 2963.859619 0.000000 0.480829 0.000000 0.876815 0.697499 0.697499 0.697499
1405.851685 0.000000 2973.182617 0.000000 0.921468 0.000000 0.388454 0.786375 0.786375 0.786375
1388.376953 0.000000 3006.046631 0.000000 0.897034 0.000000 -0.441961 0.849921 0.849921 0.849921
1389.359619 0.000000 2948.207275 0.000000 0.737633 0.000000 0.675202 0.723166 0.723166 0.723166
1349.823975 0.000000 2954.453369 0.000000 0.089765 0.000000 0.995963 0.744986 0.744986 0.744986
1359.877930 0.000000 2950.837158 0.000000 0.720877 0.000000 0.693063 0.766049 0.766049 0.766049
1349.324463 0.000000 2961.603516 0.000000 0.126083 0.000000 -0.992020 0.935872 0.935872 0.935872
1405.423096 0.000000 2976.363525 0.000000 0.999514 0.000000 -0.031161 0.802054 0.802054 0.802054
1356.321777 0.000000 2952.148682 0.000000 0.962787 0.000000 -0.270262 0.831155 0.831155 0.831155
1349.282227 0.000000 2971.386230 0.000000 0.325423 0.000000 -0.945569 0.866832 0.866832 0.866832
1349.891479 0.000000 2964.721680 0.000000 0.601340 0.000000 -0.798994 0.875981 0.875981 0.875981
1355.715088 0.000000 2955.565674 0.000000 0.844326 0.000000 0.535829 0.769506 0.769506 0.769506
1391.306152 0.000000 2955.056152 0.000000 0.422417 0.000000 0.906401 0.717056 0.717056 0.717056
1386.430298 0.000000 2953.940186 0.000000 0.627323 0.000000 0.778759 0.737420 0.737420 0.737420
1386.821167 0.000000 3015.212158 0.000000 0.172161 0.000000 0.985069 0.697824 0.697824 0.697824
1385.377563 0.000000 3023.677734 0.000000 0.667499 0.000000 -0.744611 0.862406 0.862406 0.862406
1391.385986 0.000000 3008.693848 0.000000 0.999507 0.000000 -0.031397 0.801298 0.801298 0.801298
1385.270874 0.000000 3009.336914 0.000000 0.407284 0.000000 -0.913301 0.917272 0.917272 0.917272
1391.689087 0.000000 3016.139893 0.000000 0.918105 0.000000 0.396336 0.790965 0.790965 0.790965
1388.469604 0.000000 3019.924072 0.000000 0.293578 0.000000 -0.955935 0.858723 0.858723 0.858723
1384.070801 0.000000 3019.300537 0.000000 0.898495 0.000000 -0.438983 0.837850 0.837850 0.837850
1389.359619 0.000000 3012.191650 0.000000 0.733458 0.000000 0.679735 0.717153 0.717153 0.717153
1382.710083 0.000000 3016.125977 0.000000 0.826577 0.000000 -0.562824 0.870562 0.870562 0.870562
1388.151855 0.000000 3007.418457 0.000000 0.618052 0.000000 0.786137 0.701361 0.701361 0.701361
1378.816528 0.000000 3010.971436 0.000000 0.180408 0.000000 -0.983592 0.859106 0.859106 0.859106
1379.034180 0.000000 3015.151855 0.000000 0.341545 0.000000 -0.939865 0.863713 0.863713 0.863713
1388.971680 0.000000 3017.127197 0.000000 0.998845 0.000000 0.048042 0.795997 0.795997 0.795997
1408.542114 0.000000 2977.447021 0.000000 0.965519 0.000000 -0.260331 0.812466 0.812466 0.812466
1483.202026 0.000000 2944.068115 0.000000 0.950117 0.000000 0.311894 0.798290 0.798290 0.798290
1505.609619 0.000000 2964.193115 0.000000 0.411750 0.000000 0.911297 0.751917 0.751917 0.751917
1517.958130 0.000000 2973.567627 0.000000 0.691844 0.000000 0.722047 0.786465 0.786465 0.786465
1501.390381 0.000000 2966.914551 0.000000 0.477810 0.000000 0.878463 0.727376 0.727376 0.727376
1523.691040 0.000000 2984.987793 0.000000 0.624581 0.000000 0.780960 0.763485 0.763485 0.763485
1501.446167 0.000000 2962.695312 0.000000 0.647367 0.000000 -0.762178 0.868026 0.868026 0.868026
1521.519775 0.000000 2971.664795 0.000000 0.899075 0.000000 -0.437795 0.822535 0.822535 0.822535
1505.703613 0.000000 2961.315918 0.000000 0.416741 0.000000 -0.909025 0.871780 0.871780 0.871780
1595.476929 0.000000 2757.705566 0.000000 0.719876 0.000000 -0.694103 0.881821 0.881821 0.881821
1588.696777 0.000000 2758.631348 0.000000 0.734755 0.000000 0.678333 0.706198 0.706198 0.706198
1597.826904 0.000000 2761.595947 0.000000 0.431156 0.000000 -0.902278 0.853253 0.853253 0.853253
1590.508545 0.000000 2762.592041 0.000000 0.502927 0.000000 -0.864329 0.929463 0.929463 0.929463
1591.717529 0.000000 2755.882324 0.000000 0.785698 0.000000 -0.618610 0.839164 0.839164 0.839164
1592.319824 0.000000 2759.521484 0.000000 0.411907 0.000000 -0.911226 0.878295 0.878295 0.878295
1586.821289 0.000000 2761.500000 0.000000 0.564976 0.000000 -0.825108 0.851747 0.851747 0.851747
1541.374146 0.000000 2873.868408 0.000000 0.800379 0.000000 0.599494 0.773422 0.773422 0.773422
1578.797729 0.000000 2823.259033 0.000000 0.358972 0.000000 -0.933349 0.819472 0.819472 0.819472
1581.701782 0.000000 2858.613037 0.000000 0.373567 0.000000 -0.927603 0.824201 0.824201 0.824201
1535.914551 0.000000 2876.384033 0.000000 0.970148 0.000000 -0.242514 0.835665 0.835665 0.835665
1546.174316 0.000000 2877.010498 0.000000 0.830198 0.000000 -0.557469 0.809921 0.809921 0.809921
1573.239624 0.000000 2821.056641 0.000000 0.850896 0.000000 -0.525333 0.881195 0.881195 0.881195
1541.390259 0.000000 2879.250244 0.000000 0.970048 0.000000 0.242912 0.786768 0.786768 0.786768
1568.507690 0.000000 2821.357666 0.000000 0.799900 0.000000 -0.600133 0.828925 0.828925 0.828925
1576.047363 0.000000 2827.347412 0.000000 0.331730 0.000000 0.943374 0.626435 0.626435 0.626435
1583.986572 0.000000 2854.761230 0.000000 0.498490 0.000000 -0.866895 0.839595 0.839595 0.839595
1585.241333 0.000000 2859.818115 0.000000 0.978261 0.000000 -0.207379 0.807760 0.807760 0.807760
1574.686646 0.000000 2824.172852 0.000000 0.501556 0.000000 0.865125 0.716692 0.716692 0.716692
1539.297729 0.000000 2876.614014 0.000000 0.659334 0.000000 -0.751850 0.846903 0.846903 0.846903
1570.793091 0.000000 2819.018311 0.000000 0.640206 0.000000 0.768203 0.714967 0.714967 0.714967
1543.065552 0.000000 2876.609131 0.000000 0.995267 0.000000 -0.097176 0.810672 0.810672 0.810672
1537.762451 0.000000 2874.473145 0.000000 0.649174 0.000000 0.760640 0.722838 0.722838 0.722838
1605.366333 0.000000 2873.868408 0.000000 0.887947 0.000000 -0.459946 0.817468 0.817468 0.817468
1621.379150 0.000000 2815.666504 0.000000 0.084024 0.000000 -0.996464 0.824051 0.824051 0.824051
1629.309326 0.000000 2817.036133 0.000000 0.611718 0.000000 0.791076 0.770474 0.770474 0.770474
1616.397583 0.000000 2819.067139 0.000000 0.159372 0.000000 0.987219 0.661375 0.661375 0.661375
1623.286255 0.000000 2820.615479 0.000000 0.575863 0.000000 0.817546 0.782795 0.782795 0.782795
1647.657837 0.000000 2824.186768 0.000000 0.551033 0.000000 0.834484 0.765102 0.765102 0.765102
1604.716187 0.000000 2868.733398 0.000000 0.963252 0.000000 -0.268597 0.826070 0.826070 0.826070
1646.377686 0.000000 2832.643311 0.000000 0.353720 0.000000 -0.935351 0.823186 0.823186 0.823186
1644.438354 0.000000 2827.970947 0.000000 0.268205 0.000000 0.963362 0.759519 0.759519 0.759519
1653.917358 0.000000 2831.093506 0.000000 0.956006 0.000000 -0.293346 0.807492 0.807492 0.807492
1601.104736 0.000000 2871.858398 0.000000 0.900704 0.000000 -0.434434 0.822619 0.822619 0.822619
1609.065674 0.000000 2870.139160 0.000000 0.291492 0.000000 -0.956573 0.905425 0.905425 0.905425
1650.858887 0.000000 2834.041992 0.000000 0.135620 0.000000 -0.990761 0.869633 0.869633 0.869633
1625.262939 0.000000 2816.975098 0.000000 0.027197 0.000000 -0.999630 0.953530 0.953530 0.953530
1620.168457 0.000000 2818.943115 0.000000 0.866907 0.000000 0.498469 0.746221 0.746221 0.746221
1626.830811 0.000000 2819.859619 0.000000 0.875872 0.000000 -0.482543 0.857326 0.857326 0.857326
1618.545288 0.000000 2821.355469 0.000000 0.453003 0.000000 0.891509 0.738008 0.738008 0.738008
1536.185059 0.000000 2882.590088 0.000000 0.242146 0.000000 0.970240 0.793643 0.793643 0.793643
1555.437866 0.000000 2917.516113 0.000000 0.792683 0.000000 -0.609634 0.876206 0.876206 0.876206
1538.130127 0.000000 2888.758789 0.000000 0.952427 0.000000 -0.304766 0.837483 0.837483 0.837483
1542.600952 0.000000 2883.984375 0.000000 0.807507 0.000000 0.589858 0.736495 0.736495 0.736495
1551.594849 0.000000 2916.195312 0.000000 0.927133 0.000000 -0.374733 0.826697 0.826697 0.826697
1539.093384 0.000000 2885.168213 0.000000 0.999505 0.000000 -0.031457 0.801489 0.801489 0.801489
1535.837158 0.000000 2885.980713 0.000000 0.692786 0.000000 -0.721143 0.836195 0.836195 0.836195
1616.245605 0.000000 2924.655029 0.000000 0.814660 0.000000 0.579938 0.783319 0.783319 0.783319
1658.215454 0.000000 2892.822266 0.000000 0.249570 0.000000 -0.968357 0.853723 0.853723 0.853723
1623.475586 0.000000 2929.712402 0.000000 0.918333 0.000000 -0.395808 0.804389 0.804389 0.804389
1617.886108 0.000000 2931.740967 0.000000 0.649837 0.000000 0.760074 0.761717 0.761717 0.761717
1661.971924 0.000000 2930.383057 0.000000 0.267734 0.000000 0.963493 0.752495 0.752495 0.752495
1661.819092 0.000000 2889.564697 0.000000 0.828477 0.000000 0.560023 0.748357 0.748357 0.748357
1619.578369 0.000000 2927.634766 0.000000 0.805898 0.000000 -0.592054 0.823538 0.823538 0.823538
1663.393799 0.000000 2926.147217 0.000000 0.941678 0.000000 -0.336514 0.822826 0.822826 0.822826
1662.114990 0.000000 2919.442139 0.000000 0.630497 0.000000 -0.776191 0.848983 0.848983 0.848983
1621.575439 0.000000 2933.643066 0.000000 0.811013 0.000000 0.585029 0.736347 0.736347 0.736347
1658.784912 0.000000 2889.850098 0.000000 0.289342 0.000000 0.957226 0.698216 0.698216 0.698216
1661.027588 0.000000 2937.085938 0.000000 0.930630 0.000000 -0.365960 0.825143 0.825143 0.825143
1660.683105 0.000000 2932.759033 0.000000 0.400422 0.000000 0.916331 0.723624 0.723624 0.723624
1684.762939 0.000000 2874.358887 0.000000 0.980873 0.000000 0.194647 0.796244 0.796244 0.796244
1692.301147 0.000000 2878.285889 0.000000 0.071107 0.000000 -0.997469 0.903332 0.903332 0.903332
1688.993042 0.000000 2875.397217 0.000000 0.062443 0.000000 0.998048 0.611119 0.611119 0.611119
1686.280273 0.000000 2878.020020 0.000000 0.457499 0.000000 0.889210 0.695623 0.695623 0.695623
1696.000366 0.000000 2879.061768 0.000000 0.160867 0.000000 0.986976 0.728229 0.728229 0.728229
1694.657349 0.000000 2876.282227 0.000000 0.725856 0.000000 -0.687846 0.869081 0.869081 0.869081
1701.130615 0.000000 2876.742188 0.000000 0.995041 0.000000 0.099465 0.792538 0.792538 0.792538
1712.075073 0.000000 2901.240234 0.000000 0.454239 0.000000 0.890880 0.756529 0.756529 0.756529
1692.163940 0.000000 2886.961670 0.000000 0.552838 0.000000 0.833289 0.753374 0.753374 0.753374
1665.772827 0.000000 2922.308350 0.000000 0.765659 0.000000 0.643247 0.740550 0.740550 0.740550
1701.001709 0.000000 2925.214600 0.000000 0.596836 0.000000 -0.802363 0.816181 0.816181 0.816181
1704.118530 0.000000 2941.237549 0.000000 0.044123 0.000000 -0.999026 0.985690 0.985690 0.985690
1706.782104 0.000000 2887.243408 0.000000 0.329856 0.000000 -0.944031 0.943514 0.943514 0.943514
1697.586182 0.000000 2900.208740 0.000000 0.981049 0.000000 0.193758 0.778736 0.778736 0.778736
1690.766602 0.000000 2921.102295 0.000000 0.973529 0.000000 -0.228566 0.802487 0.802487 0.802487
1695.111572 0.000000 2935.230713 0.000000 0.866018 0.000000 -0.500013 0.856158 0.856158 0.856158
1709.440308 0.000000 2931.752197 0.000000 0.837302 0.000000 0.546741 0.741771 0.741771 0.741771
1699.292725 0.000000 2879.859375 0.000000 0.565841 0.000000 -0.824515 0.877828 0.877828 0.877828
1685.371338 0.000000 2879.650879 0.000000 0.193261 0.000000 -0.981147 0.964929 0.964929 0.964929
1714.158813 0.000000 2939.689453 0.000000 0.558472 0.000000 0.829524 0.729663 0.729663 0.729663
1709.686157 0.000000 2922.597412 0.000000 0.972899 0.000000 0.231231 0.788396 0.788396 0.788396
1705.338501 0.000000 2895.708984 0.000000 0.099088 0.000000 -0.995079 0.934901 0.934901 0.934901
1664.297852 0.000000 2930.413574 0.000000 0.754984 0.000000 -0.655743 0.857849 0.857849 0.857849
1699.319580 0.000000 2890.441650 0.000000 0.410645 0.000000 -0.911795 0.915522 0.915522 0.915522
1703.724731 0.000000 2904.880615 0.000000 0.709184 0.000000 0.705023 0.717956 0.717956 0.717956
1692.569458 0.000000 2894.607666 0.000000 0.179245 0.000000 -0.983804 0.935811 0.935811 0.935811
1719.168701 0.000000 2899.823242 0.000000 0.733564 0.000000 0.679620 0.756570 0.756570 0.756570
1692.301147 0.000000 2942.270264 0.000000 0.509088 0.000000 0.860714 0.720494 0.720494 0.720494
1694.495728 0.000000 2927.964111 0.000000 0.999323 0.000000 -0.036794 0.804609 0.804609 0.804609
1717.316406 0.000000 2909.519775 0.000000 0.983285 0.000000 -0.182072 0.810751 0.810751 0.810751
1702.748901 0.000000 2931.685303 0.000000 0.976199 0.000000 -0.216876 0.811134 0.811134 0.811134
1693.301514 0.000000 2881.020508 0.000000 0.875697 0.000000 -0.482862 0.874880 0.874880 0.874880
1705.231812 0.000000 2881.368164 0.000000 0.057863 0.000000 -0.998325 0.828101 0.828101 0.828101
1697.464355 0.000000 2920.165527 0.000000 0.561106 0.000000 0.827744 0.697758 0.697758 0.697758
1708.743652 0.000000 2937.518555 0.000000 0.138480 0.000000 0.990365 0.706485 0.706485 0.706485
1698.047852 0.000000 2940.449951 0.000000 0.696562 0.000000 0.717497 0.704588 0.704588 0.704588
1689.501465 0.000000 2935.088623 0.000000 0.293971 0.000000 -0.955814 0.915122 0.915122 0.915122
1706.405640 0.000000 2927.131592 0.000000 0.758312 0.000000 -0.651892 0.859139 0.859139 0.859139
1701.223999 0.000000 2885.041016 0.000000 0.185275 0.000000 0.982687 0.649857 0.649857 0.649857
1687.278442 0.000000 2884.599854 0.000000 0.626325 0.000000 0.779562 0.783395 0.783395 0.783395
1716.248535 0.000000 2904.399414 0.000000 0.898024 0.000000 -0.439947 0.864961 0.864961 0.864961
1707.004272 0.000000 2901.076660 0.000000 0.938545 0.000000 0.345156 0.775506 0.775506 0.775506
1711.650024 0.000000 2888.171143 0.000000 0.082136 0.000000 -0.996621 0.909705 0.909705 0.909705
1701.780884 0.000000 2936.721680 0.000000 0.601421 0.000000 -0.798932 0.875418 0.875418 0.875418
1700.085938 0.000000 2895.846924 0.000000 0.359975 0.000000 0.932962 0.676068 0.676068 0.676068
1710.369873 0.000000 2896.627686 0.000000 0.631521 0.000000 0.775359 0.706432 0.706432 0.706432
1708.430542 0.000000 2891.955322 0.000000 0.426911 0.000000 0.904294 0.697788 0.697788 0.697788
1698.891846 0.000000 2904.906006 0.000000 0.998717 0.000000 0.050642 0.795295 0.795295 0.795295
1717.909546 0.000000 2895.077881 0.000000 0.450256 0.000000 0.892900 0.729237 0.729237 0.729237
1704.955688 0.000000 2909.451660 0.000000 0.228219 0.000000 -0.973610 0.870683 0.870683 0.870683
1663.830933 0.000000 2918.098145 0.000000 0.329036 0.000000 0.944317 0.731894 0.731894 0.731894
1702.283447 0.000000 2899.970459 0.000000 0.245797 0.000000 -0.969321 0.929950 0.929950 0.929950
1688.086182 0.000000 2889.220459 0.000000 0.934641 0.000000 -0.355594 0.827446 0.827446 0.827446
1698.230225 0.000000 2931.291748 0.000000 0.479354 0.000000 0.877622 0.721078 0.721078 0.721078
1665.096924 0.000000 2935.842773 0.000000 0.605511 0.000000 0.795837 0.752022 0.752022 0.752022
1690.050049 0.000000 2925.682373 0.000000 0.166375 0.000000 0.986063 0.670482 0.670482 0.670482
1704.031738 0.000000 2891.331787 0.000000 0.407816 0.000000 -0.913064 0.882049 0.882049 0.882049
1709.217773 0.000000 2905.166992 0.000000 0.036924 0.000000 -0.999318 0.887310 0.887310 0.887310
1713.698242 0.000000 2911.982910 0.000000 0.557642 0.000000 -0.830082 0.885077 0.885077 0.885077
1705.156006 0.000000 2922.820557 0.000000 0.897089 0.000000 -0.441850 0.830438 0.830438 0.830438
1694.523315 0.000000 2923.490967 0.000000 0.995682 0.000000 0.092833 0.789305 0.789305 0.789305
1694.874146 0.000000 2890.709229 0.000000 0.106438 0.000000 0.994319 0.647353 0.647353 0.647353
1692.465332 0.000000 2931.706543 0.000000 0.665362 0.000000 0.746521 0.729301 0.729301 0.729301
1688.993042 0.000000 2939.381592 0.000000 0.714396 0.000000 0.699742 0.756813 0.756813 0.756813
1714.851074 0.000000 2898.026367 0.000000 0.992949 0.000000 0.118543 0.793664 0.793664 0.793664
1693.422729 0.000000 2898.710938 0.000000 0.963015 0.000000 -0.269449 0.826318 0.826318 0.826318
1705.490112 0.000000 2934.856934 0.000000 0.786150 0.000000 -0.618036 0.875448 0.875448 0.875448
1708.337891 0.000000 2942.062256 0.000000 0.810344 0.000000 -0.585955 0.858893 0.858893 0.858893
1713.496338 0.000000 2907.680420 0.000000 0.455310 0.000000 0.890333 0.751971 0.751971 0.751971
1696.459351 0.000000 2894.700439 0.000000 0.862273 0.000000 0.506444 0.729679 0.729679 0.729679
1692.507202 0.000000 2937.993652 0.000000 0.421541 0.000000 0.906810 0.754410 0.754410 0.754410
1664.004517 0.000000 2925.732178 0.000000 0.448519 0.000000 -0.893773 0.927200 0.927200 0.927200
1719.414795 0.000000 2906.455566 0.000000 0.139874 0.000000 -0.990169 0.853997 0.853997 0.853997
1701.079102 0.000000 2921.576172 0.000000 0.673224 0.000000 0.739438 0.706253 0.706253 0.706253
1711.428589 0.000000 2934.833252 0.000000 0.006592 0.000000 -0.999978 0.973387 0.973387 0.973387
1663.917725 0.000000 2891.784424 0.000000 0.919015 0.000000 -0.394223 0.837391 0.837391 0.837391
1691.125610 0.000000 2891.189453 0.000000 0.223363 0.000000 -0.974735 0.958822 0.958822 0.958822
1669.065552 0.000000 2920.971191 0.000000 0.079382 0.000000 -0.996844 0.887569 0.887569 0.887569
1697.541992 0.000000 2926.250000 0.000000 0.268023 0.000000 -0.963413 0.950269 0.950269 0.950269
1698.704590 0.000000 2934.993652 0.000000 0.766079 0.000000 -0.642747 0.865668 0.865668 0.865668
1714.650024 0.000000 2943.271973 0.000000 0.817776 0.000000 -0.575536 0.870183 0.870183 0.870183
1684.160645 0.000000 2882.927490 0.000000 0.730964 0.000000 0.682416 0.744198 0.744198 0.744198
1702.671021 0.000000 2888.157227 0.000000 0.466650 0.000000 0.884442 0.719365 0.719365 0.719365
1690.822998 0.000000 2883.843994 0.000000 0.870930 0.000000 0.491407 0.776915 0.776915 0.776915
1704.465576 0.000000 2884.586182 0.000000 0.962254 0.000000 0.272151 0.776879 0.776879 0.776879
1701.970947 0.000000 2881.810791 0.000000 0.809027 0.000000 0.587772 0.727719 0.727719 0.727719
1696.000366 0.000000 2943.046143 0.000000 0.864586 0.000000 0.502485 0.775080 0.775080 0.775080
1705.038940 0.000000 2938.229248 0.000000 0.596082 0.000000 0.802924 0.748614 0.748614 0.748614
1698.777466 0.000000 2883.002686 0.000000 0.563230 0.000000 -0.826300 0.846616 0.846616 0.846616
1701.386353 0.000000 2893.029297 0.000000 0.092907 0.000000 0.995675 0.667186 0.667186 0.667186
1699.948853 0.000000 2928.271240 0.000000 0.530406 0.000000 0.847744 0.723014 0.723014 0.723014
1698.995117 0.000000 2887.183105 0.000000 0.223401 0.000000 -0.974727 0.920121 0.920121 0.920121
1709.183960 0.000000 2925.690918 0.000000 0.990847 0.000000 -0.134991 0.810953 0.810953 0.810953
1719.027466 0.000000 2903.078125 0.000000 0.879774 0.000000 -0.475392 0.837698 0.837698 0.837698
1698.548584 0.000000 2923.325684 0.000000 0.162366 0.000000 0.986731 0.700472 0.700472 0.700472
1666.605103 0.000000 2919.239014 0.000000 0.768606 0.000000 -0.639722 0.867377 0.867377 0.867377
1701.417236 0.000000 2902.895264 0.000000 0.028055 0.000000 0.999606 0.702942 0.702942 0.702942
1696.388672 0.000000 2903.177490 0.000000 0.841240 0.000000 0.540662 0.740447 0.740447 0.740447
1689.464966 0.000000 2931.988037 0.000000 0.960191 0.000000 0.279345 0.780153 0.780153 0.780153
1693.941284 0.000000 2883.950928 0.000000 0.504444 0.000000 0.863444 0.695106 0.695106 0.695106
1713.403198 0.000000 2895.594482 0.000000 0.868085 0.000000 -0.496415 0.845753 0.845753 0.845753
1665.431274 0.000000 2933.016602 0.000000 0.178390 0.000000 0.983960 0.716628 0.716628 0.716628
1697.680176 0.000000 2897.331543 0.000000 0.172321 0.000000 -0.985041 0.882904 0.882904 0.882904
1689.392456 0.000000 2886.610840 0.000000 0.791377 0.000000 -0.611328 0.854780 0.854780 0.854780
1701.235229 0.000000 2934.075439 0.000000 0.089646 0.000000 -0.995974 0.899388 0.899388 0.899388
1748.755127 0.000000 2938.343262 0.000000 0.935532 0.000000 0.353243 0.793943 0.793943 0.793943
1744.161865 0.000000 2941.438232 0.000000 0.979646 0.000000 -0.200734 0.823493 0.823493 0.823493
1745.165771 0.000000 2936.613037 0.000000 0.536801 0.000000 0.843709 0.676058 0.676058 0.676058
1747.262085 0.000000 2941.142578 0.000000 0.626648 0.000000 -0.779303 0.869065 0.869065 0.869065
1577.354126 0.000000 2959.693359 0.000000 0.578126 0.000000 -0.815947 0.810293 0.810293 0.810293
1574.299072 0.000000 2963.954834 0.000000 0.519372 0.000000 -0.854548 0.926476 0.926476 0.926476
1576.288452 0.000000 2965.962646 0.000000 0.996583 0.000000 -0.082594 0.805103 0.805103 0.805103
1576.989990 0.000000 2963.223389 0.000000 0.168594 0.000000 -0.985686 0.920074 0.920074 0.920074
1659.074219 0.000000 2969.874268 0.000000 0.999092 0.000000 -0.042599 0.803804 0.803804 0.803804
1661.234497 0.000000 2964.104980 0.000000 0.167031 0.000000 -0.985952 0.937022 0.937022 0.937022
1658.108276 0.000000 2975.270264 0.000000 0.716992 0.000000 -0.697082 0.831426 0.831426 0.831426
1661.820435 0.000000 2973.182617 0.000000 0.996143 0.000000 0.087742 0.796315 0.796315 0.796315
1658.162354 0.000000 2966.221924 0.000000 0.912618 0.000000 -0.408813 0.850469 0.850469 0.850469
1655.422607 0.000000 2970.439941 0.000000 0.981865 0.000000 0.189579 0.791543 0.791543 0.791543
1657.527832 0.000000 2972.454590 0.000000 0.140521 0.000000 -0.990078 0.904517 0.904517 0.904517
1598.669312 0.000000 3020.656494 0.000000 0.319891 0.000000 -0.947454 0.857448 0.857448 0.857448
1601.306885 0.000000 3023.122070 0.000000 0.354044 0.000000 -0.935229 0.857223 0.857223 0.857223
1622.778198 0.000000 3038.697510 0.000000 0.735424 0.000000 -0.677607 0.865129 0.865129 0.865129
1616.245605 0.000000 3052.623779 0.000000 0.088261 0.000000 0.996097 0.686307 0.686307 0.686307
1600.177246 0.000000 3010.558838 0.000000 0.916377 0.000000 -0.400317 0.802715 0.802715 0.802715
1609.479980 0.000000 3017.510986 0.000000 0.713905 0.000000 0.700243 0.709829 0.709829 0.709829
1611.177246 0.000000 3045.073730 0.000000 0.164903 0.000000 0.986310 0.628249 0.628249 0.628249
1623.475586 0.000000 3057.681152 0.000000 0.038257 0.000000 -0.999268 0.869787 0.869787 0.869787
1616.010620 0.000000 3033.853271 0.000000 0.803981 0.000000 -0.594656 0.857236 0.857236 0.857236
1619.430054 0.000000 3045.484863 0.000000 0.344587 0.000000 -0.938754 0.945347 0.945347 0.945347
1602.122314 0.000000 3016.727539 0.000000 0.883996 0.000000 0.467495 0.770562 0.770562 0.770562
1615.387939 0.000000 3040.214600 0.000000 0.985083 0.000000 -0.172079 0.809222 0.809222 0.809222
1608.061646 0.000000 3050.758057 0.000000 0.364114 0.000000 -0.931354 0.952908 0.952908 0.952908
1606.593140 0.000000 3011.953125 0.000000 0.855007 0.000000 -0.518616 0.818295 0.818295 0.818295
1614.544189 0.000000 3018.430664 0.000000 0.913009 0.000000 0.407940 0.776585 0.776585 0.776585
1613.788452 0.000000 3056.925049 0.000000 0.993588 0.000000 0.113065 0.797081 0.797081 0.797081
1607.971313 0.000000 3041.448975 0.000000 0.998717 0.000000 0.050649 0.798937 0.798937 0.798937
1611.908081 0.000000 3012.871826 0.000000 0.993371 0.000000 0.114949 0.789784 0.789784 0.789784
1615.173340 0.000000 3047.925537 0.000000 0.836350 0.000000 -0.548196 0.859795 0.859795 0.859795
1618.179443 0.000000 3020.573730 0.000000 0.988451 0.000000 -0.151539 0.815951 0.815951 0.815951
1619.353149 0.000000 3041.392822 0.000000 0.369809 0.000000 0.929108 0.692869 0.692869 0.692869
1618.557129 0.000000 3049.624268 0.000000 0.915236 0.000000 -0.402919 0.832799 0.832799 0.832799
1615.846680 0.000000 3014.821533 0.000000 0.113786 0.000000 -0.993505 0.851498 0.851498 0.851498
1611.405151 0.000000 3048.846436 0.000000 0.993472 0.000000 -0.114074 0.806713 0.806713 0.806713
1615.587036 0.000000 3044.164062 0.000000 0.071716 0.000000 -0.997425 0.930235 0.930235 0.930235
1620.584961 0.000000 3025.109131 0.000000 0.999895 0.000000 0.014498 0.798115 0.798115 0.798115
1603.085571 0.000000 3013.136963 0.000000 0.875320 0.000000 -0.483544 0.850199 0.850199 0.850199
1599.925537 0.000000 3019.753174 0.000000 0.997154 0.000000 0.075394 0.794755 0.794755 0.794755
1611.588135 0.000000 3040.433105 0.000000 0.102150 0.000000 -0.994769 0.976853 0.976853 0.976853
1616.413330 0.000000 3030.285889 0.000000 0.293219 0.000000 0.956045 0.677941 0.677941 0.677941
1605.692505 0.000000 3015.160889 0.000000 0.169691 0.000000 0.985497 0.682539 0.682539 0.682539
1609.025513 0.000000 3014.165527 0.000000 0.961272 0.000000 0.275603 0.772898 0.772898 0.772898
1622.792603 0.000000 3027.303223 0.000000 0.953612 0.000000 0.301039 0.779113 0.779113 0.779113
1622.887207 0.000000 3054.739258 0.000000 0.065304 0.000000 0.997865 0.687247 0.687247 0.687247
1623.119263 0.000000 3035.800537 0.000000 0.327940 0.000000 -0.944699 0.889659 0.889659 0.889659
1610.950562 0.000000 3055.765625 0.000000 0.875378 0.000000 -0.483439 0.828419 0.828419 0.828419
1622.050049 0.000000 3030.467285 0.000000 0.282883 0.000000 0.959154 0.717681 0.717681 0.717681
1665.299072 0.000000 2959.137695 0.000000 0.976627 0.000000 0.214941 0.797404 0.797404 0.797404
1692.163940 0.000000 2950.946045 0.000000 0.150027 0.000000 -0.988682 0.844249 0.844249 0.844249
1706.782104 0.000000 2951.227783 0.000000 0.837657 0.000000 0.546197 0.732489 0.732489 0.732489
1699.292725 0.000000 2943.843750 0.000000 0.140843 0.000000 -0.990032 0.943036 0.943036 0.943036
1664.027466 0.000000 2968.159912 0.000000 0.978122 0.000000 0.208033 0.780914 0.780914 0.780914
1664.510864 0.000000 2977.447021 0.000000 0.432861 0.000000 -0.901461 0.894886 0.894886 0.894886
1699.319580 0.000000 2954.426025 0.000000 0.476163 0.000000 -0.879357 0.816739 0.816739 0.816739
1711.346924 0.000000 2944.709473 0.000000 0.891238 0.000000 -0.453536 0.824538 0.824538 0.824538
1693.301514 0.000000 2945.004883 0.000000 0.412366 0.000000 -0.911018 0.917391 0.917391 0.917391
1705.231812 0.000000 2945.352539 0.000000 0.653473 0.000000 0.756950 0.729518 0.729518 0.729518
1701.223999 0.000000 2949.025391 0.000000 0.540783 0.000000 0.841162 0.755687 0.755687 0.755687
1666.559448 0.000000 2972.823486 0.000000 0.605580 0.000000 -0.795785 0.894844 0.894844 0.894844
1666.141846 0.000000 2963.859619 0.000000 0.328845 0.000000 0.944384 0.744470 0.744470 0.744470
1696.492065 0.000000 2949.326416 0.000000 0.859587 0.000000 0.510990 0.767543 0.767543 0.767543
1715.016357 0.000000 2946.730469 0.000000 0.241004 0.000000 -0.970524 0.873966 0.873966 0.873966
1709.320557 0.000000 2948.207275 0.000000 0.997091 0.000000 -0.076219 0.807725 0.807725 0.807725
1702.671021 0.000000 2952.141602 0.000000 0.727341 0.000000 0.686276 0.741539 0.741539 0.741539
1708.112793 0.000000 2943.434082 0.000000 0.999905 0.000000 0.013811 0.798701 0.798701 0.798701
1704.465576 0.000000 2948.570557 0.000000 0.719103 0.000000 -0.694904 0.839128 0.839128 0.839128
1701.970947 0.000000 2945.795166 0.000000 0.848974 0.000000 -0.528435 0.862715 0.862715 0.862715
1712.853760 0.000000 2949.033203 0.000000 0.809774 0.000000 0.586741 0.730120 0.730120 0.730120
1666.761475 0.000000 2969.699219 0.000000 0.740110 0.000000 -0.672486 0.856567 0.856567 0.856567
1663.871704 0.000000 2974.356689 0.000000 0.999947 0.000000 0.010317 0.799326 0.799326 0.799326
1663.868408 0.000000 2961.858643 0.000000 0.451411 0.000000 -0.892316 0.893139 0.893139 0.893139
1693.941284 0.000000 2947.935303 0.000000 0.364258 0.000000 0.931298 0.688744 0.688744 0.688744
1744.381958 0.000000 2947.035889 0.000000 0.511043 0.000000 0.859555 0.731204 0.731204 0.731204
1742.196533 0.000000 2944.849365 0.000000 0.239653 0.000000 0.970859 0.733918 0.733918 0.733918
"}
