object={
	name="tree_leaf_high_generator_2_0"
	clamp_to_water_level=no
	render_under_water=no
	generated_content=yes
	layer="tree_high_layer"
	pdxmesh="tree_leaf_01_b_mesh"
	count=243
	transform="1331.540649 0.000000 2724.178223 0.000000 0.917562 0.000000 0.397593 0.354267 0.354267 0.354267
1296.284668 0.000000 2732.701904 0.000000 0.973064 0.000000 0.230536 0.399535 0.399535 0.399535
1342.010986 0.000000 2738.429932 0.000000 0.838475 0.000000 -0.544941 0.405755 0.405755 0.405755
1321.202881 0.000000 2730.867432 0.000000 0.555356 0.000000 -0.831613 0.413729 0.413729 0.413729
1328.384155 0.000000 2712.500244 0.000000 0.064890 0.000000 -0.997892 0.439098 0.439098 0.439098
1332.211182 0.000000 2745.159424 0.000000 0.184636 0.000000 0.982807 0.352280 0.352280 0.352280
1296.854980 0.000000 2736.926270 0.000000 0.471679 0.000000 -0.881770 0.432882 0.432882 0.432882
1305.439331 0.000000 2694.657715 0.000000 0.002589 0.000000 0.999997 0.326396 0.326396 0.326396
1302.172119 0.000000 2695.267578 0.000000 0.783843 0.000000 -0.620959 0.455865 0.455865 0.455865
1326.940918 0.000000 2715.166260 0.000000 0.962076 0.000000 -0.272781 0.421520 0.421520 0.421520
1328.363037 0.000000 2717.919922 0.000000 0.892921 0.000000 -0.450214 0.420986 0.420986 0.420986
1329.468018 0.000000 2724.882324 0.000000 0.262102 0.000000 0.965040 0.314602 0.314602 0.314602
1379.987915 0.000000 2736.318115 0.000000 0.291342 0.000000 0.956619 0.358614 0.358614 0.358614
1388.462891 0.000000 2742.611816 0.000000 0.737192 0.000000 -0.675683 0.426671 0.426671 0.426671
1385.016357 0.000000 2736.928223 0.000000 0.583111 0.000000 0.812393 0.340343 0.340343 0.340343
1341.722900 0.000000 2755.485107 0.000000 0.978145 0.000000 0.207926 0.392679 0.392679 0.392679
1305.439331 0.000000 2758.642090 0.000000 0.468850 0.000000 0.883278 0.310251 0.310251 0.310251
1304.294678 0.000000 2763.798096 0.000000 0.080609 0.000000 0.996746 0.320390 0.320390 0.320390
1299.156372 0.000000 2778.771484 0.000000 0.160186 0.000000 -0.987087 0.497150 0.497150 0.497150
1329.531982 0.000000 2751.987549 0.000000 0.117415 0.000000 -0.993083 0.508107 0.508107 0.508107
1344.208496 0.000000 2754.621338 0.000000 0.914388 0.000000 0.404840 0.398751 0.398751 0.398751
1389.223022 0.000000 2797.722168 0.000000 0.816329 0.000000 0.577587 0.382475 0.382475 0.382475
1403.633789 0.000000 2814.493652 0.000000 0.587424 0.000000 0.809279 0.351036 0.351036 0.351036
1389.906494 0.000000 2792.215088 0.000000 0.490593 0.000000 -0.871389 0.464451 0.464451 0.464451
1469.707275 0.000000 2755.485107 0.000000 0.966473 0.000000 0.256770 0.392091 0.392091 0.392091
1421.527710 0.000000 2814.192139 0.000000 0.248801 0.000000 0.968555 0.338735 0.338735 0.338735
1454.917358 0.000000 2765.962891 0.000000 0.715460 0.000000 -0.698653 0.439009 0.439009 0.439009
1457.976562 0.000000 2759.257568 0.000000 0.875594 0.000000 0.483048 0.359473 0.359473 0.359473
1513.513550 0.000000 2806.888184 0.000000 0.979117 0.000000 0.203299 0.395809 0.395809 0.395809
1525.454956 0.000000 2790.580811 0.000000 0.856762 0.000000 0.515712 0.378356 0.378356 0.378356
1516.447266 0.000000 2806.596191 0.000000 0.817388 0.000000 -0.576088 0.427282 0.427282 0.427282
1522.688965 0.000000 2799.576904 0.000000 0.053630 0.000000 0.998561 0.334096 0.334096 0.334096
1520.439941 0.000000 2793.344727 0.000000 0.301629 0.000000 0.953425 0.350757 0.350757 0.350757
1525.063965 0.000000 2795.181396 0.000000 0.972337 0.000000 -0.233580 0.419659 0.419659 0.419659
1517.890869 0.000000 2792.215088 0.000000 0.919893 0.000000 0.392170 0.368409 0.368409 0.368409
1508.574219 0.000000 2802.719971 0.000000 0.647791 0.000000 -0.761818 0.468329 0.468329 0.468329
1512.824219 0.000000 2804.640869 0.000000 0.678335 0.000000 -0.734753 0.460988 0.460988 0.460988
1519.628906 0.000000 2797.303467 0.000000 0.415606 0.000000 0.909545 0.321298 0.321298 0.321298
1249.640869 0.000000 2900.208740 0.000000 0.113901 0.000000 -0.993492 0.568011 0.568011 0.568011
1242.104736 0.000000 2925.682373 0.000000 0.705276 0.000000 -0.708932 0.488919 0.488919 0.488919
1246.928833 0.000000 2890.709229 0.000000 0.444245 0.000000 0.895905 0.381148 0.381148 0.381148
1235.625244 0.000000 2927.634766 0.000000 0.220844 0.000000 -0.975309 0.422213 0.422213 0.422213
1233.228271 0.000000 2936.613037 0.000000 0.812347 0.000000 -0.583174 0.414301 0.414301 0.414301
1231.310425 0.000000 2933.415527 0.000000 0.823050 0.000000 0.567968 0.383714 0.383714 0.383714
1245.028076 0.000000 2925.600342 0.000000 0.973231 0.000000 -0.229828 0.409842 0.409842 0.409842
1244.819580 0.000000 2889.400391 0.000000 0.951641 0.000000 -0.307214 0.418866 0.418866 0.418866
1233.797241 0.000000 2934.246094 0.000000 0.304289 0.000000 0.952580 0.301101 0.301101 0.301101
1235.886719 0.000000 2932.445557 0.000000 0.107311 0.000000 0.994226 0.302826 0.302826 0.302826
1335.461670 0.000000 2842.471191 0.000000 0.916261 0.000000 -0.400582 0.408849 0.408849 0.408849
1337.566895 0.000000 2844.485840 0.000000 0.052756 0.000000 0.998607 0.255230 0.255230 0.255230
1339.929688 0.000000 2844.022217 0.000000 0.929154 0.000000 0.369693 0.374853 0.374853 0.374853
1335.569946 0.000000 2845.439697 0.000000 0.999996 0.000000 0.002955 0.399785 0.399785 0.399785
1372.340210 0.000000 2878.285889 0.000000 0.818596 0.000000 0.574370 0.395723 0.395723 0.395723
1388.782715 0.000000 2873.534180 0.000000 0.630624 0.000000 0.776089 0.391571 0.391571 0.391571
1378.743652 0.000000 2871.009277 0.000000 0.997193 0.000000 0.074869 0.398316 0.398316 0.398316
1349.282227 0.000000 2843.417480 0.000000 0.278665 0.000000 0.960388 0.350465 0.350465 0.350465
1343.885864 0.000000 2843.296143 0.000000 0.211704 0.000000 0.977334 0.267829 0.267829 0.267829
1372.110840 0.000000 2870.332764 0.000000 0.180250 0.000000 -0.983621 0.465913 0.465913 0.465913
1399.825684 0.000000 2875.613525 0.000000 0.232421 0.000000 -0.972615 0.517426 0.517426 0.517426
1346.865356 0.000000 2849.986572 0.000000 0.996730 0.000000 -0.080801 0.405089 0.405089 0.405089
1305.369751 0.000000 2918.778076 0.000000 0.105278 0.000000 -0.994443 0.529502 0.529502 0.529502
1308.153687 0.000000 2914.012939 0.000000 0.082594 0.000000 -0.996583 0.510711 0.510711 0.510711
1301.027588 0.000000 2921.653076 0.000000 0.768283 0.000000 0.640110 0.355604 0.355604 0.355604
1393.524170 0.000000 2879.956299 0.000000 0.995300 0.000000 0.096839 0.393898 0.393898 0.393898
1438.526978 0.000000 2863.979736 0.000000 0.879102 0.000000 -0.476633 0.460032 0.460032 0.460032
1416.975464 0.000000 2832.510498 0.000000 0.997255 0.000000 -0.074048 0.402257 0.402257 0.402257
1419.224731 0.000000 2834.107910 0.000000 0.646924 0.000000 0.762555 0.357996 0.357996 0.357996
1439.313110 0.000000 2861.805908 0.000000 0.829575 0.000000 0.558395 0.368348 0.368348 0.368348
1480.967651 0.000000 2832.510498 0.000000 0.265166 0.000000 0.964203 0.363583 0.363583 0.363583
1484.306152 0.000000 2824.179932 0.000000 0.881548 0.000000 0.472094 0.350656 0.350656 0.350656
1483.699463 0.000000 2827.596924 0.000000 0.001375 0.000000 0.999999 0.247976 0.247976 0.247976
1493.197876 0.000000 2826.938232 0.000000 0.367448 0.000000 -0.930044 0.437576 0.437576 0.437576
1480.961426 0.000000 2828.404541 0.000000 0.749976 0.000000 0.661465 0.333236 0.333236 0.333236
1479.811523 0.000000 2826.758545 0.000000 0.974755 0.000000 -0.223278 0.414167 0.414167 0.414167
1416.085083 0.000000 2922.789307 0.000000 0.625576 0.000000 -0.780164 0.500093 0.500093 0.500093
1454.401123 0.000000 2896.627686 0.000000 0.957981 0.000000 -0.286833 0.403341 0.403341 0.403341
1423.196777 0.000000 2919.956787 0.000000 0.356059 0.000000 0.934464 0.263223 0.263223 0.263223
1426.580566 0.000000 2921.655518 0.000000 0.927314 0.000000 -0.374284 0.407470 0.407470 0.407470
1421.855957 0.000000 2922.678223 0.000000 0.643595 0.000000 0.765366 0.313395 0.313395 0.313395
1453.186279 0.000000 2902.566895 0.000000 0.970493 0.000000 -0.241131 0.418726 0.418726 0.418726
1458.290527 0.000000 2902.846680 0.000000 0.977889 0.000000 -0.209127 0.409783 0.409783 0.409783
1425.089478 0.000000 2918.266113 0.000000 0.164484 0.000000 -0.986380 0.463865 0.463865 0.463865
1424.265991 0.000000 2922.204102 0.000000 0.412229 0.000000 0.911080 0.314749 0.314749 0.314749
1477.398071 0.000000 2943.234619 0.000000 0.999998 0.000000 0.002196 0.399978 0.399978 0.399978
1530.197754 0.000000 2881.265137 0.000000 0.956886 0.000000 -0.290463 0.408682 0.408682 0.408682
1530.800537 0.000000 2889.850098 0.000000 0.091605 0.000000 -0.995795 0.458342 0.458342 0.458342
1532.434204 0.000000 2891.740967 0.000000 0.968175 0.000000 0.250274 0.388253 0.388253 0.388253
1386.821167 0.000000 2951.227783 0.000000 0.886419 0.000000 0.462884 0.346175 0.346175 0.346175
1347.181396 0.000000 2956.343994 0.000000 0.932727 0.000000 0.360583 0.391527 0.391527 0.391527
1392.892822 0.000000 2949.033203 0.000000 0.192207 0.000000 -0.981354 0.432324 0.432324 0.432324
1353.056763 0.000000 2950.181152 0.000000 0.833093 0.000000 -0.553133 0.416096 0.416096 0.416096
1352.977051 0.000000 2956.373291 0.000000 0.576934 0.000000 -0.816791 0.438657 0.438657 0.438657
1348.069336 0.000000 2959.175293 0.000000 0.698939 0.000000 0.715181 0.327186 0.327186 0.327186
1346.445068 0.000000 2966.582031 0.000000 0.838350 0.000000 -0.545132 0.445484 0.445484 0.445484
1387.147095 0.000000 3003.768799 0.000000 0.423801 0.000000 -0.905755 0.486567 0.486567 0.486567
1346.608643 0.000000 2961.418945 0.000000 0.410865 0.000000 0.911696 0.340991 0.340991 0.340991
1393.984375 0.000000 2951.210693 0.000000 0.510351 0.000000 -0.859966 0.449621 0.449621 0.449621
1382.798706 0.000000 3002.999756 0.000000 0.438463 0.000000 0.898749 0.327501 0.327501 0.327501
1387.027832 0.000000 2948.191162 0.000000 0.830769 0.000000 0.556617 0.367283 0.367283 0.367283
1353.584473 0.000000 2958.370361 0.000000 0.999761 0.000000 0.021869 0.398700 0.398700 0.398700
1347.867676 0.000000 2965.095459 0.000000 0.470407 0.000000 -0.882449 0.469631 0.469631 0.469631
1379.358643 0.000000 3018.410400 0.000000 0.764353 0.000000 0.644798 0.396501 0.396501 0.396501
1381.263062 0.000000 3013.009766 0.000000 0.342291 0.000000 0.939594 0.257289 0.257289 0.257289
1383.266113 0.000000 3007.319580 0.000000 0.949586 0.000000 0.313507 0.386785 0.386785 0.386785
1387.778564 0.000000 3009.975830 0.000000 0.899497 0.000000 -0.436927 0.433415 0.433415 0.433415
1386.098755 0.000000 3020.985352 0.000000 0.946657 0.000000 -0.322242 0.427194 0.427194 0.427194
1384.499390 0.000000 3014.874756 0.000000 0.049543 0.000000 0.998772 0.310371 0.310371 0.310371
1384.410034 0.000000 3017.237549 0.000000 0.438450 0.000000 0.898755 0.326385 0.326385 0.326385
1517.709595 0.000000 2986.581787 0.000000 0.921904 0.000000 0.387418 0.398014 0.398014 0.398014
1520.062988 0.000000 2991.480225 0.000000 0.661087 0.000000 -0.750310 0.497023 0.497023 0.497023
1517.241211 0.000000 2969.151367 0.000000 0.078414 0.000000 0.996921 0.230858 0.230858 0.230858
1521.095581 0.000000 2994.837891 0.000000 0.893524 0.000000 -0.449015 0.412556 0.412556 0.412556
1522.688965 0.000000 2991.530029 0.000000 0.832219 0.000000 -0.554447 0.425823 0.425823 0.425823
1517.178467 0.000000 2966.551270 0.000000 0.972616 0.000000 -0.232416 0.410189 0.410189 0.410189
1502.543457 0.000000 2960.426758 0.000000 0.795548 0.000000 -0.605890 0.427949 0.427949 0.427949
1502.937500 0.000000 2964.743408 0.000000 0.954958 0.000000 0.296741 0.382249 0.382249 0.382249
1516.461426 0.000000 2971.689697 0.000000 0.954403 0.000000 -0.298520 0.417861 0.417861 0.417861
1519.082886 0.000000 2993.744141 0.000000 0.878549 0.000000 0.477652 0.372649 0.372649 0.372649
1519.628906 0.000000 2989.256592 0.000000 0.631481 0.000000 0.775391 0.353479 0.353479 0.353479
1596.183716 0.000000 2759.918213 0.000000 0.998467 0.000000 -0.055353 0.403069 0.403069 0.403069
1590.145752 0.000000 2760.350342 0.000000 0.168531 0.000000 -0.985696 0.505664 0.505664 0.505664
1571.010742 0.000000 2823.198730 0.000000 0.853960 0.000000 0.520338 0.385245 0.385245 0.385245
1584.432129 0.000000 2857.329102 0.000000 0.969216 0.000000 0.246211 0.386833 0.386833 0.386833
1544.391235 0.000000 2878.410889 0.000000 0.634113 0.000000 0.773241 0.351892 0.351892 0.351892
1576.475952 0.000000 2822.921631 0.000000 0.618635 0.000000 0.785678 0.347201 0.347201 0.347201
1649.563477 0.000000 2828.794189 0.000000 0.023521 0.000000 -0.999723 0.570738 0.570738 0.570738
1629.949097 0.000000 2819.966553 0.000000 0.420834 0.000000 -0.907138 0.438018 0.438018 0.438018
1647.274902 0.000000 2827.087402 0.000000 0.939162 0.000000 -0.343473 0.430636 0.430636 0.430636
1649.411011 0.000000 2831.610107 0.000000 0.990347 0.000000 -0.138607 0.412637 0.412637 0.412637
1646.893921 0.000000 2829.947266 0.000000 0.923351 0.000000 0.383957 0.381897 0.381897 0.381897
1622.865234 0.000000 2818.027588 0.000000 0.821608 0.000000 -0.570053 0.435133 0.435133 0.435133
1618.212036 0.000000 2817.474365 0.000000 0.998239 0.000000 0.059318 0.396592 0.396592 0.396592
1551.395752 0.000000 2912.245850 0.000000 0.589463 0.000000 -0.807796 0.407043 0.407043 0.407043
1551.181152 0.000000 2919.956787 0.000000 0.881463 0.000000 0.472253 0.392633 0.392633 0.392633
1554.564941 0.000000 2921.655518 0.000000 0.727202 0.000000 -0.686423 0.416244 0.416244 0.416244
1535.933350 0.000000 2891.784424 0.000000 0.990199 0.000000 -0.139666 0.402869 0.402869 0.402869
1541.700317 0.000000 2887.192139 0.000000 0.512164 0.000000 0.858888 0.291159 0.291159 0.291159
1536.344360 0.000000 2879.446777 0.000000 0.997366 0.000000 -0.072532 0.402320 0.402320 0.402320
1540.345581 0.000000 2883.080078 0.000000 0.945038 0.000000 0.326962 0.376051 0.376051 0.376051
1535.884399 0.000000 2888.545898 0.000000 0.138186 0.000000 0.990406 0.306323 0.306323 0.306323
1556.345337 0.000000 2919.565674 0.000000 0.874593 0.000000 0.484858 0.370428 0.370428 0.370428
1541.815796 0.000000 2881.529785 0.000000 0.956057 0.000000 0.293181 0.382617 0.382617 0.382617
1663.163574 0.000000 2935.366699 0.000000 0.987263 0.000000 -0.159096 0.418189 0.418189 0.418189
1620.593384 0.000000 2930.464844 0.000000 0.584909 0.000000 -0.811099 0.491638 0.491638 0.491638
1614.093018 0.000000 2926.338623 0.000000 0.857177 0.000000 0.515022 0.378929 0.378929 0.378929
1662.475830 0.000000 2939.776123 0.000000 0.984314 0.000000 0.176426 0.389285 0.389285 0.389285
1698.047852 0.000000 2876.465576 0.000000 0.769955 0.000000 0.638098 0.323637 0.323637 0.323637
1699.774902 0.000000 2874.509521 0.000000 0.998832 0.000000 0.048326 0.398045 0.398045 0.398045
1699.250000 0.000000 2878.558594 0.000000 0.561452 0.000000 0.827509 0.334788 0.334788 0.334788
1690.292847 0.000000 2873.415527 0.000000 0.850245 0.000000 -0.526387 0.432108 0.432108 0.432108
1686.773438 0.000000 2875.415039 0.000000 0.752519 0.000000 -0.658571 0.443076 0.443076 0.443076
1713.555664 0.000000 2892.778564 0.000000 0.605174 0.000000 -0.796093 0.503908 0.503908 0.503908
1709.934692 0.000000 2909.583252 0.000000 0.961919 0.000000 0.273334 0.369588 0.369588 0.369588
1703.644165 0.000000 2918.736084 0.000000 0.677010 0.000000 -0.735974 0.495812 0.495812 0.495812
1689.255127 0.000000 2880.959473 0.000000 0.228173 0.000000 0.973621 0.372556 0.372556 0.372556
1717.786011 0.000000 2941.363037 0.000000 0.338983 0.000000 0.940793 0.371253 0.371253 0.371253
1707.598755 0.000000 2919.375488 0.000000 0.946878 0.000000 0.321593 0.392153 0.392153 0.392153
1706.154053 0.000000 2930.821533 0.000000 0.911644 0.000000 0.410981 0.389638 0.389638 0.389638
1713.072144 0.000000 2930.853516 0.000000 0.789395 0.000000 -0.613886 0.420132 0.420132 0.420132
1701.130615 0.000000 2940.726562 0.000000 0.182614 0.000000 0.983185 0.345976 0.345976 0.345976
1706.374268 0.000000 2906.733154 0.000000 0.234692 0.000000 0.972070 0.272123 0.272123 0.272123
1696.936768 0.000000 2937.702881 0.000000 0.361341 0.000000 0.932434 0.281256 0.281256 0.281256
1689.600830 0.000000 2893.830566 0.000000 0.532563 0.000000 -0.846390 0.435776 0.435776 0.435776
1668.481445 0.000000 2923.817871 0.000000 0.030183 0.000000 0.999544 0.342307 0.342307 0.342307
1704.272827 0.000000 2901.978271 0.000000 0.541646 0.000000 -0.840607 0.492225 0.492225 0.492225
1709.643066 0.000000 2899.855469 0.000000 0.976867 0.000000 -0.213848 0.410115 0.410115 0.410115
1704.105713 0.000000 2925.409912 0.000000 0.940248 0.000000 0.340491 0.387683 0.387683 0.387683
1703.227051 0.000000 2879.350830 0.000000 0.177058 0.000000 0.984200 0.338106 0.338106 0.338106
1706.391235 0.000000 2889.955811 0.000000 0.598182 0.000000 0.801360 0.321560 0.321560 0.321560
1712.184692 0.000000 2898.614502 0.000000 0.488053 0.000000 -0.872814 0.456152 0.456152 0.456152
1715.997559 0.000000 2906.994141 0.000000 0.278055 0.000000 0.960565 0.299595 0.299595 0.299595
1710.894043 0.000000 2907.119385 0.000000 0.969146 0.000000 -0.246489 0.411814 0.411814 0.411814
1699.774902 0.000000 2938.493896 0.000000 0.032916 0.000000 0.999458 0.324748 0.324748 0.324748
1706.059692 0.000000 2893.016602 0.000000 0.058225 0.000000 -0.998303 0.476278 0.476278 0.476278
1686.857422 0.000000 2882.011963 0.000000 0.720436 0.000000 0.693521 0.369388 0.369388 0.369388
1694.520020 0.000000 2896.442383 0.000000 0.170912 0.000000 0.985286 0.335034 0.335034 0.335034
1664.005737 0.000000 2920.570557 0.000000 0.412687 0.000000 -0.910873 0.464054 0.464054 0.464054
1709.401611 0.000000 2886.717529 0.000000 0.133890 0.000000 -0.990996 0.471009 0.471009 0.471009
1703.365234 0.000000 2907.357666 0.000000 0.197679 0.000000 -0.980267 0.508223 0.508223 0.508223
1688.247803 0.000000 2891.766846 0.000000 0.426666 0.000000 0.904409 0.351477 0.351477 0.351477
1707.393799 0.000000 2909.944824 0.000000 0.229651 0.000000 0.973273 0.297033 0.297033 0.297033
1692.764893 0.000000 2889.400391 0.000000 0.162186 0.000000 0.986760 0.323376 0.323376 0.323376
1697.354980 0.000000 2889.107178 0.000000 0.990017 0.000000 0.140949 0.393504 0.393504 0.393504
1666.288818 0.000000 2924.763916 0.000000 0.055463 0.000000 -0.998461 0.512734 0.512734 0.512734
1703.770386 0.000000 2893.782959 0.000000 0.986764 0.000000 0.162162 0.390322 0.390322 0.390322
1707.443481 0.000000 2921.895020 0.000000 0.963178 0.000000 -0.268864 0.419165 0.419165 0.419165
1705.721313 0.000000 2943.228027 0.000000 0.972862 0.000000 0.231386 0.381579 0.381579 0.381579
1691.973022 0.000000 2896.875488 0.000000 0.602884 0.000000 0.797829 0.349267 0.349267 0.349267
1708.437988 0.000000 2907.705322 0.000000 0.635238 0.000000 -0.772317 0.455079 0.455079 0.455079
1704.800781 0.000000 2932.609619 0.000000 0.286237 0.000000 -0.958159 0.492708 0.492708 0.492708
1663.868774 0.000000 2888.545898 0.000000 0.137395 0.000000 -0.990516 0.499454 0.499454 0.499454
1703.286133 0.000000 2921.081787 0.000000 0.628196 0.000000 -0.778056 0.452085 0.452085 0.452085
1711.059448 0.000000 2929.759766 0.000000 0.072784 0.000000 0.997348 0.318475 0.318475 0.318475
1706.967163 0.000000 2932.912842 0.000000 0.975624 0.000000 -0.219450 0.411600 0.411600 0.411600
1694.579712 0.000000 2937.350342 0.000000 0.427228 0.000000 0.904144 0.321053 0.321053 0.321053
1696.553955 0.000000 2924.126221 0.000000 0.673106 0.000000 -0.739546 0.450290 0.450290 0.450290
1744.005005 0.000000 2938.925537 0.000000 0.100798 0.000000 -0.994907 0.519625 0.519625 0.519625
1746.392212 0.000000 2938.692871 0.000000 0.907706 0.000000 -0.419607 0.427026 0.427026 0.427026
1579.019897 0.000000 2965.061035 0.000000 0.694175 0.000000 -0.719807 0.409228 0.409228 0.409228
1574.784546 0.000000 2961.130127 0.000000 0.695131 0.000000 0.718884 0.326701 0.326701 0.326701
1662.463867 0.000000 2967.596924 0.000000 0.926326 0.000000 -0.376722 0.408486 0.408486 0.408486
1663.784180 0.000000 2965.150635 0.000000 0.267117 0.000000 0.963664 0.346757 0.346757 0.346757
1658.668457 0.000000 2963.625488 0.000000 0.902100 0.000000 -0.431528 0.420273 0.420273 0.420273
1662.685791 0.000000 2961.873779 0.000000 0.080174 0.000000 0.996781 0.295062 0.295062 0.295062
1659.890625 0.000000 2971.990967 0.000000 0.716652 0.000000 0.697431 0.349516 0.349516 0.349516
1598.998535 0.000000 3014.168457 0.000000 0.067162 0.000000 0.997742 0.360210 0.360210 0.360210
1616.871216 0.000000 3024.683105 0.000000 0.270063 0.000000 0.962843 0.257490 0.257490 0.257490
1605.057495 0.000000 3045.297852 0.000000 0.338563 0.000000 -0.940944 0.410402 0.410402 0.410402
1621.869507 0.000000 3051.888428 0.000000 0.252699 0.000000 0.967545 0.255514 0.255514 0.255514
1619.680542 0.000000 3028.744385 0.000000 0.983313 0.000000 0.181919 0.379265 0.379265 0.379265
1612.410767 0.000000 3036.899414 0.000000 0.740582 0.000000 0.671966 0.386387 0.386387 0.386387
1614.960571 0.000000 3021.895020 0.000000 0.993492 0.000000 0.113906 0.396751 0.396751 0.396751
1616.815918 0.000000 3056.848145 0.000000 0.928862 0.000000 0.370425 0.388253 0.388253 0.388253
1613.832520 0.000000 3050.646973 0.000000 0.128903 0.000000 -0.991657 0.444626 0.444626 0.444626
1611.683838 0.000000 3019.550049 0.000000 0.208309 0.000000 0.978063 0.359907 0.359907 0.359907
1613.722900 0.000000 3024.850342 0.000000 0.987430 0.000000 0.158055 0.394452 0.394452 0.394452
1609.466553 0.000000 3011.246094 0.000000 0.487125 0.000000 -0.873333 0.432346 0.432346 0.432346
1612.974243 0.000000 3042.868652 0.000000 0.999977 0.000000 0.006837 0.399730 0.399730 0.399730
1609.604248 0.000000 3038.679688 0.000000 0.850630 0.000000 -0.525764 0.425984 0.425984 0.425984
1610.199951 0.000000 3042.729492 0.000000 0.544137 0.000000 -0.838997 0.481016 0.481016 0.481016
1621.849365 0.000000 3040.998535 0.000000 0.895814 0.000000 -0.444430 0.426674 0.426674 0.426674
1609.396851 0.000000 3052.664795 0.000000 0.943342 0.000000 -0.331822 0.421110 0.421110 0.421110
1613.611694 0.000000 3038.784424 0.000000 0.858415 0.000000 -0.512955 0.433618 0.433618 0.433618
1610.776855 0.000000 3050.940430 0.000000 0.733476 0.000000 -0.679716 0.447020 0.447020 0.447020
1620.337524 0.000000 3047.534424 0.000000 0.774773 0.000000 -0.632239 0.437592 0.437592 0.437592
1617.173950 0.000000 3041.530273 0.000000 0.396981 0.000000 -0.917827 0.469658 0.469658 0.469658
1605.278931 0.000000 3020.551758 0.000000 0.971665 0.000000 0.236361 0.385822 0.385822 0.385822
1621.616699 0.000000 3056.580078 0.000000 0.682644 0.000000 -0.730751 0.449097 0.449097 0.449097
1610.410278 0.000000 3047.040039 0.000000 0.464562 0.000000 -0.885541 0.464083 0.464083 0.464083
1669.157959 0.000000 2967.607666 0.000000 0.052283 0.000000 0.998632 0.385594 0.385594 0.385594
1698.995117 0.000000 2951.167480 0.000000 0.359580 0.000000 0.933114 0.277466 0.277466 0.277466
1715.737671 0.000000 2943.718018 0.000000 0.386933 0.000000 -0.922108 0.511914 0.511914 0.511914
1696.372559 0.000000 2945.086670 0.000000 0.920970 0.000000 0.389634 0.388809 0.388809 0.388809
1695.298340 0.000000 2951.873291 0.000000 0.633843 0.000000 -0.773462 0.474619 0.474619 0.474619
1666.406006 0.000000 2966.582031 0.000000 0.003911 0.000000 0.999992 0.328805 0.328805 0.328805
1709.401611 0.000000 2950.701904 0.000000 0.007488 0.000000 -0.999972 0.535039 0.535039 0.535039
1691.193359 0.000000 2943.402100 0.000000 0.984915 0.000000 0.173039 0.390274 0.390274 0.390274
1697.354980 0.000000 2953.091553 0.000000 0.079046 0.000000 -0.996871 0.478204 0.478204 0.478204
1713.945312 0.000000 2951.210693 0.000000 0.866938 0.000000 0.498416 0.359358 0.359358 0.359358
1713.485107 0.000000 2943.940674 0.000000 0.435868 0.000000 -0.900010 0.472127 0.472127 0.472127
1706.988770 0.000000 2948.191162 0.000000 0.840306 0.000000 -0.542113 0.432899 0.432899 0.432899
1745.318848 0.000000 2943.287109 0.000000 0.505700 0.000000 -0.862709 0.513789 0.513789 0.513789
1746.196411 0.000000 2945.443115 0.000000 0.175525 0.000000 -0.984475 0.476584 0.476584 0.476584
"}
