object={
	name="tree_leaf_01_single_generator_1_0"
	render_pass=Map
	clamp_to_water_level=no
	generated_content=yes
	layer="tree_high_layer"
	pdxmesh="tree_leaf_01_single_a_mesh"
	count=962
	transform="840.155396 0.000000 2794.820557 0.000000 0.994478 0.000000 0.104948 0.697428 0.697428 0.697428
847.266968 0.000000 2791.988037 0.000000 0.896317 0.000000 -0.443415 0.707226 0.707226 0.707226
843.956848 0.000000 2796.982178 0.000000 0.873014 0.000000 -0.487694 0.712464 0.712464 0.712464
843.498840 0.000000 2792.908936 0.000000 0.979863 0.000000 0.199671 0.659600 0.659600 0.659600
845.926147 0.000000 2794.709473 0.000000 0.939094 0.000000 -0.343660 0.773569 0.773569 0.773569
845.467102 0.000000 2790.279297 0.000000 0.038207 0.000000 -0.999270 0.841951 0.841951 0.841951
840.477173 0.000000 2814.426514 0.000000 0.856294 0.000000 -0.516489 0.749322 0.749322 0.749322
842.870544 0.000000 2795.002930 0.000000 0.355880 0.000000 -0.934532 0.864520 0.864520 0.864520
845.360352 0.000000 2792.395508 0.000000 0.812897 0.000000 0.582407 0.518563 0.518563 0.518563
844.347473 0.000000 2794.346924 0.000000 0.252295 0.000000 0.967650 0.424075 0.424075 0.424075
845.047180 0.000000 2795.952148 0.000000 0.292586 0.000000 -0.956239 0.967143 0.967143 0.967143
842.568909 0.000000 2793.735107 0.000000 0.957600 0.000000 0.288101 0.641267 0.641267 0.641267
845.286194 0.000000 2793.592773 0.000000 0.799341 0.000000 -0.600878 0.888124 0.888124 0.888124
844.371948 0.000000 2792.248047 0.000000 0.853608 0.000000 -0.520916 0.859910 0.859910 0.859910
933.238586 0.000000 2784.458496 0.000000 0.487179 0.000000 0.873302 0.651748 0.651748 0.651748
928.976990 0.000000 2783.587402 0.000000 0.904117 0.000000 -0.427285 0.777154 0.777154 0.777154
933.177429 0.000000 2780.367920 0.000000 0.532952 0.000000 -0.846146 0.745833 0.745833 0.745833
929.899048 0.000000 2780.495117 0.000000 0.983121 0.000000 0.182957 0.694212 0.694212 0.694212
931.430725 0.000000 2782.571777 0.000000 0.680409 0.000000 -0.732833 1.057899 1.057899 1.057899
930.809570 0.000000 2784.499023 0.000000 0.994184 0.000000 -0.107696 0.719046 0.719046 0.719046
931.916870 0.000000 2785.940430 0.000000 0.981833 0.000000 0.189748 0.666304 0.666304 0.666304
931.510254 0.000000 2780.921387 0.000000 0.265801 0.000000 0.964028 0.465681 0.465681 0.465681
929.791809 0.000000 2782.138916 0.000000 0.997554 0.000000 -0.069894 0.712224 0.712224 0.712224
933.086182 0.000000 2782.812500 0.000000 0.829680 0.000000 -0.558240 0.821098 0.821098 0.821098
932.033020 0.000000 2783.803955 0.000000 0.688776 0.000000 -0.724974 0.865822 0.865822 0.865822
930.357117 0.000000 2783.312988 0.000000 0.637313 0.000000 -0.770605 1.082839 1.082839 1.082839
931.196655 0.000000 2783.563965 0.000000 0.393960 0.000000 0.919128 0.192678 0.192678 0.192678
930.587036 0.000000 2782.446533 0.000000 0.931624 0.000000 -0.363425 0.861850 0.861850 0.861850
1009.641602 0.000000 2764.809814 0.000000 0.132226 0.000000 0.991220 0.599466 0.599466 0.599466
1010.891602 0.000000 2761.500000 0.000000 0.980121 0.000000 -0.198402 0.732810 0.732810 0.732810
1012.487549 0.000000 2764.607666 0.000000 0.986859 0.000000 0.161581 0.688372 0.688372 0.688372
1012.698547 0.000000 2762.255859 0.000000 0.397856 0.000000 -0.917448 0.921273 0.921273 0.921273
1011.050476 0.000000 2763.440186 0.000000 0.841644 0.000000 -0.540033 0.937275 0.937275 0.937275
1008.895264 0.000000 2763.454590 0.000000 0.814451 0.000000 0.580233 0.598313 0.598313 0.598313
1013.472595 0.000000 2763.503174 0.000000 0.937538 0.000000 0.347882 0.632318 0.632318 0.632318
1011.105835 0.000000 2764.758057 0.000000 0.936967 0.000000 -0.349417 0.788579 0.788579 0.788579
1010.061768 0.000000 2762.597656 0.000000 0.908957 0.000000 0.416890 0.521143 0.521143 0.521143
1011.600525 0.000000 2762.382080 0.000000 0.320032 0.000000 -0.947407 1.217840 1.217840 1.217840
1010.013245 0.000000 2763.778809 0.000000 0.531951 0.000000 0.846775 0.279960 0.279960 0.279960
860.265442 0.000000 2822.977295 0.000000 0.705382 0.000000 0.708828 0.691739 0.691739 0.691739
843.280029 0.000000 2816.099365 0.000000 0.813530 0.000000 -0.581523 0.834484 0.834484 0.834484
872.219971 0.000000 2877.253174 0.000000 0.990583 0.000000 -0.136911 0.714161 0.714161 0.714161
847.481628 0.000000 2848.261475 0.000000 0.983382 0.000000 -0.181547 0.705424 0.705424 0.705424
869.882324 0.000000 2872.737305 0.000000 0.989968 0.000000 0.141294 0.695540 0.695540 0.695540
862.975647 0.000000 2826.724854 0.000000 0.828252 0.000000 -0.560356 0.875674 0.875674 0.875674
851.446899 0.000000 2849.439697 0.000000 0.330884 0.000000 0.943671 0.477958 0.477958 0.477958
850.847534 0.000000 2845.155273 0.000000 0.997967 0.000000 0.063732 0.694316 0.694316 0.694316
839.982361 0.000000 2816.650391 0.000000 0.889265 0.000000 0.457392 0.657659 0.657659 0.657659
873.140442 0.000000 2874.244873 0.000000 0.924054 0.000000 -0.382261 0.808991 0.808991 0.808991
869.232117 0.000000 2876.742188 0.000000 0.995160 0.000000 0.098268 0.696904 0.696904 0.696904
841.560242 0.000000 2819.292969 0.000000 0.888953 0.000000 0.457998 0.606052 0.606052 0.606052
863.399902 0.000000 2823.904541 0.000000 0.985491 0.000000 -0.169725 0.711028 0.711028 0.711028
875.209595 0.000000 2875.800049 0.000000 0.998644 0.000000 -0.052061 0.703550 0.703550 0.703550
860.866394 0.000000 2825.416016 0.000000 0.619186 0.000000 0.785244 0.628980 0.628980 0.628980
849.747437 0.000000 2847.348633 0.000000 0.336335 0.000000 -0.941742 0.987515 0.987515 0.987515
862.609985 0.000000 2829.133789 0.000000 0.627868 0.000000 -0.778320 0.779500 0.779500 0.779500
852.396667 0.000000 2847.022461 0.000000 0.051668 0.000000 0.998664 0.572571 0.572571 0.572571
865.456482 0.000000 2825.122803 0.000000 0.735085 0.000000 0.677975 0.602353 0.602353 0.602353
870.861206 0.000000 2875.031006 0.000000 0.481561 0.000000 0.876412 0.341526 0.341526 0.341526
865.203064 0.000000 2827.391602 0.000000 0.253850 0.000000 -0.967244 0.906691 0.906691 0.906691
849.267639 0.000000 2849.577148 0.000000 0.420336 0.000000 0.907369 0.535082 0.535082 0.535082
841.771973 0.000000 2817.316895 0.000000 0.741086 0.000000 0.671410 0.487742 0.487742 0.487742
872.732117 0.000000 2872.495850 0.000000 0.254760 0.000000 -0.967004 0.872119 0.872119 0.872119
873.393433 0.000000 2875.888184 0.000000 0.202484 0.000000 -0.979286 1.079816 1.079816 1.079816
870.525146 0.000000 2877.785645 0.000000 0.803298 0.000000 0.595578 0.600771 0.600771 0.600771
871.371582 0.000000 2873.498779 0.000000 0.964900 0.000000 0.262617 0.659598 0.659598 0.659598
843.168213 0.000000 2819.576416 0.000000 0.141468 0.000000 0.989943 0.500237 0.500237 0.500237
862.414185 0.000000 2825.169434 0.000000 0.323424 0.000000 0.946254 0.381078 0.381078 0.381078
851.140198 0.000000 2847.967773 0.000000 0.168000 0.000000 -0.985787 1.094467 1.094467 1.094467
848.265991 0.000000 2846.965820 0.000000 0.891715 0.000000 0.452598 0.590013 0.590013 0.590013
863.955200 0.000000 2825.411133 0.000000 0.768486 0.000000 -0.639867 0.878369 0.878369 0.878369
851.000671 0.000000 2846.550293 0.000000 0.160946 0.000000 0.986963 0.303521 0.303521 0.303521
872.088806 0.000000 2875.638672 0.000000 0.756084 0.000000 -0.654475 0.898254 0.898254 0.898254
843.634338 0.000000 2817.248779 0.000000 0.677393 0.000000 -0.735621 0.879121 0.879121 0.879121
862.140076 0.000000 2827.936523 0.000000 0.565340 0.000000 0.824858 0.413533 0.413533 0.413533
842.110291 0.000000 2816.195068 0.000000 0.932857 0.000000 -0.360246 0.779861 0.779861 0.779861
871.953186 0.000000 2874.516846 0.000000 0.899678 0.000000 -0.436554 0.851583 0.851583 0.851583
841.090942 0.000000 2816.512207 0.000000 0.886879 0.000000 -0.462002 0.838481 0.838481 0.838481
941.533936 0.000000 2867.767822 0.000000 0.739635 0.000000 -0.673009 0.896108 0.896108 0.896108
938.499329 0.000000 2863.147217 0.000000 0.556904 0.000000 -0.830577 0.720555 0.720555 0.720555
901.468384 0.000000 2879.250244 0.000000 0.976898 0.000000 0.213706 0.644297 0.644297 0.644297
938.247742 0.000000 2866.837158 0.000000 0.070194 0.000000 0.997533 0.272561 0.272561 0.272561
903.143677 0.000000 2876.609131 0.000000 0.600435 0.000000 -0.799674 0.772881 0.772881 0.772881
941.185669 0.000000 2864.750977 0.000000 0.005188 0.000000 0.999987 0.481117 0.481117 0.481117
904.469360 0.000000 2878.410889 0.000000 0.999152 0.000000 0.041178 0.697049 0.697049 0.697049
939.060852 0.000000 2868.928467 0.000000 0.131618 0.000000 0.991301 0.566736 0.566736 0.566736
939.184875 0.000000 2865.108887 0.000000 0.094263 0.000000 -0.995547 0.924470 0.924470 0.924470
940.038696 0.000000 2866.685547 0.000000 0.354029 0.000000 0.935234 0.378871 0.378871 0.378871
903.070679 0.000000 2879.156738 0.000000 0.214167 0.000000 -0.976797 1.052817 1.052817 1.052817
941.759521 0.000000 2866.153809 0.000000 0.805439 0.000000 0.592679 0.531488 0.531488 0.531488
939.949890 0.000000 2867.970703 0.000000 0.821058 0.000000 -0.570845 0.873060 0.873060 0.873060
902.232239 0.000000 2878.435547 0.000000 0.145898 0.000000 -0.989300 1.070893 1.070893 1.070893
900.709229 0.000000 2878.530518 0.000000 0.009819 0.000000 0.999952 0.296265 0.296265 0.296265
938.997009 0.000000 2867.551025 0.000000 0.943054 0.000000 0.332641 0.603405 0.603405 0.603405
939.172241 0.000000 2866.151855 0.000000 0.887891 0.000000 -0.460054 0.836177 0.836177 0.836177
902.679016 0.000000 2883.984375 0.000000 0.998992 0.000000 -0.044888 0.701256 0.701256 0.701256
900.059509 0.000000 2880.550537 0.000000 0.979962 0.000000 0.199183 0.667410 0.667410 0.667410
903.974548 0.000000 2880.634766 0.000000 0.609219 0.000000 -0.793002 0.848828 0.848828 0.848828
901.893799 0.000000 2881.529785 0.000000 0.765265 0.000000 -0.643715 0.813661 0.813661 0.813661
901.617798 0.000000 2879.843018 0.000000 0.325378 0.000000 -0.945584 1.020557 1.020557 1.020557
903.038879 0.000000 2879.327637 0.000000 0.638852 0.000000 0.769330 0.471432 0.471432 0.471432
900.440063 0.000000 2879.548096 0.000000 0.076298 0.000000 -0.997085 1.086521 1.086521 1.086521
1073.633789 0.000000 2764.809814 0.000000 0.900109 0.000000 0.435666 0.654309 0.654309 0.654309
1069.090698 0.000000 2787.717773 0.000000 0.439604 0.000000 0.898192 0.520630 0.520630 0.520630
1071.728027 0.000000 2760.202393 0.000000 0.395779 0.000000 -0.918346 0.832209 0.832209 0.832209
1068.508545 0.000000 2763.986572 0.000000 0.911075 0.000000 -0.412242 0.750495 0.750495 0.750495
1068.239624 0.000000 2784.400391 0.000000 0.426505 0.000000 0.904485 0.235859 0.235859 0.235859
1071.345093 0.000000 2763.103027 0.000000 0.511830 0.000000 0.859087 0.353229 0.353229 0.353229
1071.068237 0.000000 2784.445312 0.000000 0.934348 0.000000 0.356363 0.624224 0.624224 0.624224
1070.964111 0.000000 2765.962891 0.000000 0.009374 0.000000 0.999956 0.342538 0.342538 0.342538
1069.603638 0.000000 2783.410645 0.000000 0.852787 0.000000 -0.522259 0.794109 0.794109 0.794109
1070.326294 0.000000 2764.423340 0.000000 0.513739 0.000000 0.857947 0.463910 0.463910 0.463910
1070.702881 0.000000 2761.598145 0.000000 0.315802 0.000000 0.948825 0.558066 0.558066 0.558066
1068.991455 0.000000 2786.056152 0.000000 0.965517 0.000000 -0.260341 0.742345 0.742345 0.742345
1069.565796 0.000000 2762.797119 0.000000 0.953333 0.000000 -0.301919 0.736448 0.736448 0.736448
1068.049194 0.000000 2762.454102 0.000000 0.845974 0.000000 -0.533224 0.766834 0.766834 0.766834
1071.933594 0.000000 2764.686768 0.000000 0.993379 0.000000 0.114879 0.673642 0.673642 0.673642
1072.887451 0.000000 2763.454590 0.000000 0.919251 0.000000 0.393672 0.629289 0.629289 0.629289
1066.661865 0.000000 2785.117920 0.000000 0.361631 0.000000 0.932321 0.511138 0.511138 0.511138
1069.778931 0.000000 2784.923584 0.000000 0.650889 0.000000 0.759173 0.345975 0.345975 0.345975
1068.382690 0.000000 2782.972412 0.000000 0.122418 0.000000 -0.992479 0.948001 0.948001 0.948001
1071.814941 0.000000 2762.026611 0.000000 0.808514 0.000000 0.588477 0.488889 0.488889 0.488889
1070.377563 0.000000 2763.413330 0.000000 0.043935 0.000000 0.999034 0.187688 0.187688 0.187688
1068.843750 0.000000 2785.126709 0.000000 0.765618 0.000000 -0.643295 0.986982 0.986982 0.986982
1069.133789 0.000000 2784.253418 0.000000 0.017359 0.000000 0.999849 0.062031 0.062031 0.062031
1069.869629 0.000000 2785.809326 0.000000 0.404036 0.000000 0.914743 0.225715 0.225715 0.225715
1148.324829 0.000000 2795.137695 0.000000 0.426305 0.000000 -0.904580 0.877791 0.877791 0.877791
1096.124146 0.000000 2794.820557 0.000000 0.358880 0.000000 0.933384 0.338178 0.338178 0.338178
1090.629761 0.000000 2780.870361 0.000000 0.619714 0.000000 -0.784828 0.802508 0.802508 0.802508
1099.925659 0.000000 2796.982178 0.000000 0.933686 0.000000 -0.358094 0.784481 0.784481 0.784481
1144.155396 0.000000 2795.086182 0.000000 0.061927 0.000000 -0.998081 0.992686 0.992686 0.992686
1099.467651 0.000000 2792.908936 0.000000 0.278346 0.000000 -0.960481 0.848642 0.848642 0.848642
1095.450195 0.000000 2797.976562 0.000000 0.468869 0.000000 0.883268 0.575111 0.575111 0.575111
1101.895020 0.000000 2794.709473 0.000000 0.126541 0.000000 -0.991961 0.838785 0.838785 0.838785
1093.313477 0.000000 2779.433105 0.000000 0.431328 0.000000 0.902195 0.574193 0.574193 0.574193
1099.013062 0.000000 2799.828125 0.000000 0.091608 0.000000 0.995795 0.606948 0.606948 0.606948
1146.283203 0.000000 2793.214111 0.000000 0.109667 0.000000 0.993968 0.470225 0.470225 0.470225
1093.796631 0.000000 2782.065186 0.000000 0.600377 0.000000 -0.799717 0.889505 0.889505 0.889505
1147.593628 0.000000 2797.518066 0.000000 0.853861 0.000000 0.520501 0.598590 0.598590 0.598590
1097.459351 0.000000 2796.727295 0.000000 0.578391 0.000000 -0.815760 1.025117 1.025117 1.025117
1098.839355 0.000000 2795.002930 0.000000 0.018000 0.000000 -0.999838 1.196596 1.196596 1.196596
1095.648193 0.000000 2783.446777 0.000000 0.306164 0.000000 0.951979 0.565720 0.565720 0.565720
1097.364868 0.000000 2793.071045 0.000000 0.446088 0.000000 -0.894989 0.816222 0.816222 0.816222
1097.111084 0.000000 2799.130859 0.000000 0.711526 0.000000 0.702659 0.606050 0.606050 0.606050
1094.588135 0.000000 2796.147949 0.000000 0.886542 0.000000 -0.462649 0.755477 0.755477 0.755477
1146.352051 0.000000 2795.063232 0.000000 0.794473 0.000000 0.607299 0.434247 0.434247 0.434247
1092.588257 0.000000 2780.937012 0.000000 0.927712 0.000000 -0.373296 0.826357 0.826357 0.826357
1094.455811 0.000000 2780.629883 0.000000 0.923913 0.000000 0.382601 0.621782 0.621782 0.621782
1149.895264 0.000000 2794.940186 0.000000 0.965405 0.000000 -0.260755 0.741492 0.741492 0.741492
1095.286865 0.000000 2781.995361 0.000000 0.973603 0.000000 0.228247 0.654123 0.654123 0.654123
1093.472900 0.000000 2783.467773 0.000000 0.910274 0.000000 0.414006 0.612723 0.612723 0.612723
1096.038086 0.000000 2796.339111 0.000000 0.651338 0.000000 0.758788 0.406436 0.406436 0.406436
1147.563354 0.000000 2793.919434 0.000000 0.563186 0.000000 0.826330 0.547033 0.547033 0.547033
1097.523560 0.000000 2794.492920 0.000000 0.999106 0.000000 0.042283 0.687287 0.687287 0.687287
1145.221069 0.000000 2794.150391 0.000000 0.514191 0.000000 0.857676 0.500057 0.500057 0.500057
1147.343872 0.000000 2796.165039 0.000000 0.960685 0.000000 0.277640 0.647884 0.647884 0.647884
1147.417236 0.000000 2792.428223 0.000000 0.035149 0.000000 0.999382 0.458471 0.458471 0.458471
1096.789062 0.000000 2797.870361 0.000000 0.377119 0.000000 -0.926165 1.103521 1.103521 1.103521
1146.227783 0.000000 2797.940430 0.000000 0.957065 0.000000 -0.289873 0.754479 0.754479 0.754479
1098.726440 0.000000 2796.283447 0.000000 0.985156 0.000000 -0.171661 0.739796 0.739796 0.739796
1145.266846 0.000000 2795.640869 0.000000 0.966062 0.000000 0.258310 0.649318 0.649318 0.649318
1097.128296 0.000000 2795.597900 0.000000 0.852215 0.000000 0.523191 0.534501 0.534501 0.534501
1099.853516 0.000000 2795.655273 0.000000 0.343125 0.000000 -0.939290 1.090343 1.090343 1.090343
1093.464233 0.000000 2780.486084 0.000000 0.925756 0.000000 0.378121 0.571924 0.571924 0.571924
1097.770874 0.000000 2797.710449 0.000000 0.677058 0.000000 0.735930 0.418163 0.418163 0.418163
1146.649536 0.000000 2794.135254 0.000000 0.980907 0.000000 0.194475 0.620304 0.620304 0.620304
1147.260742 0.000000 2794.840332 0.000000 0.981184 0.000000 -0.193075 0.779114 0.779114 0.779114
1272.491821 0.000000 2739.697998 0.000000 0.764198 0.000000 -0.644981 0.717151 0.717151 0.717151
1276.402710 0.000000 2748.064453 0.000000 0.225671 0.000000 0.974203 0.692958 0.692958 0.692958
1277.121582 0.000000 2723.495605 0.000000 0.997349 0.000000 0.072764 0.677727 0.677727 0.677727
1246.550415 0.000000 2736.010986 0.000000 0.098669 0.000000 -0.995120 0.957238 0.957238 0.957238
1221.429321 0.000000 2751.281494 0.000000 0.285290 0.000000 -0.958441 0.747030 0.747030 0.747030
1274.155151 0.000000 2719.332764 0.000000 0.005722 0.000000 -0.999984 0.806669 0.806669 0.806669
1257.010376 0.000000 2717.498535 0.000000 0.832717 0.000000 -0.553699 0.897918 0.897918 0.897918
1250.284912 0.000000 2739.338623 0.000000 0.741443 0.000000 -0.671016 0.765560 0.765560 0.765560
1228.457642 0.000000 2716.977539 0.000000 0.314249 0.000000 -0.949341 0.859611 0.859611 0.859611
1244.520020 0.000000 2739.753418 0.000000 0.582187 0.000000 0.813055 0.636953 0.636953 0.636953
1253.138428 0.000000 2716.383545 0.000000 0.876069 0.000000 0.482187 0.648122 0.648122 0.648122
1249.596680 0.000000 2734.296875 0.000000 0.970725 0.000000 -0.240195 0.708902 0.708902 0.708902
1219.336792 0.000000 2748.645264 0.000000 0.919538 0.000000 -0.393000 0.711293 0.711293 0.711293
1270.221436 0.000000 2742.118896 0.000000 0.503821 0.000000 0.863808 0.448516 0.448516 0.448516
1277.438721 0.000000 2720.426025 0.000000 0.828499 0.000000 -0.559990 0.877621 0.877621 0.877621
1247.370728 0.000000 2740.308350 0.000000 0.955579 0.000000 -0.294734 0.721436 0.721436 0.721436
1231.822876 0.000000 2717.473389 0.000000 0.953938 0.000000 -0.300005 0.809692 0.809692 0.809692
1274.473267 0.000000 2722.537354 0.000000 0.946603 0.000000 0.322402 0.654106 0.654106 0.654106
1249.401855 0.000000 2736.924072 0.000000 0.263226 0.000000 0.964734 0.465201 0.465201 0.465201
1254.648560 0.000000 2718.418701 0.000000 0.999174 0.000000 -0.040641 0.706536 0.706536 0.706536
1255.419922 0.000000 2715.404541 0.000000 0.238753 0.000000 0.971080 0.553601 0.553601 0.553601
1259.448486 0.000000 2717.991699 0.000000 0.891246 0.000000 0.453520 0.648998 0.648998 0.648998
1275.649414 0.000000 2750.509277 0.000000 0.051459 0.000000 0.998675 0.458383 0.458383 0.458383
1233.700684 0.000000 2719.379883 0.000000 0.965684 0.000000 0.259720 0.673829 0.673829 0.673829
1272.712280 0.000000 2742.204102 0.000000 0.899851 0.000000 -0.436198 0.729975 0.729975 0.729975
1270.034912 0.000000 2739.690430 0.000000 0.312791 0.000000 -0.949822 0.875131 0.875131 0.875131
1279.751709 0.000000 2723.701904 0.000000 0.767514 0.000000 0.641032 0.628254 0.628254 0.628254
1217.607910 0.000000 2750.405029 0.000000 0.147344 0.000000 0.989085 0.483661 0.483661 0.483661
1246.296387 0.000000 2738.261230 0.000000 0.246912 0.000000 0.969038 0.376727 0.376727 0.376727
1249.341675 0.000000 2741.312500 0.000000 0.754730 0.000000 -0.656036 0.767527 0.767527 0.767527
1276.173828 0.000000 2718.657959 0.000000 0.807839 0.000000 0.589404 0.640517 0.640517 0.640517
1279.166870 0.000000 2721.608398 0.000000 0.984320 0.000000 -0.176391 0.717663 0.717663 0.717663
1230.356445 0.000000 2715.982422 0.000000 0.318987 0.000000 -0.947759 0.865507 0.865507 0.865507
1275.494507 0.000000 2720.809082 0.000000 0.382113 0.000000 -0.924115 0.978087 0.978087 0.978087
1248.388672 0.000000 2738.632324 0.000000 0.889924 0.000000 -0.456109 0.837396 0.837396 0.837396
1268.619507 0.000000 2740.891602 0.000000 0.414070 0.000000 -0.910245 0.869917 0.869917 0.869917
1219.654053 0.000000 2750.764404 0.000000 0.995029 0.000000 0.099588 0.683439 0.683439 0.683439
1256.372925 0.000000 2719.146729 0.000000 0.999928 0.000000 0.011996 0.698574 0.698574 0.698574
1258.745605 0.000000 2716.432617 0.000000 0.641275 0.000000 -0.767311 0.794767 0.794767 0.794767
1271.448120 0.000000 2743.374512 0.000000 0.542089 0.000000 -0.840321 0.940654 0.940654 0.940654
1271.330322 0.000000 2740.886963 0.000000 0.776875 0.000000 0.629655 0.438135 0.438135 0.438135
1247.568237 0.000000 2737.235840 0.000000 0.073205 0.000000 0.997317 0.438295 0.438295 0.438295
1276.583374 0.000000 2721.974365 0.000000 0.944704 0.000000 -0.327924 0.799843 0.799843 0.799843
1257.095337 0.000000 2715.842041 0.000000 0.197585 0.000000 0.980286 0.522584 0.522584 0.522584
1254.746948 0.000000 2716.827881 0.000000 0.622732 0.000000 -0.782435 0.988939 0.988939 0.988939
1256.500854 0.000000 2714.342285 0.000000 0.597664 0.000000 -0.801747 0.820296 0.820296 0.820296
1233.321289 0.000000 2717.679688 0.000000 0.042118 0.000000 0.999113 0.344694 0.344694 0.344694
1230.133911 0.000000 2717.482666 0.000000 0.422330 0.000000 -0.906442 1.108524 1.108524 1.108524
1248.858154 0.000000 2739.957031 0.000000 0.112924 0.000000 -0.993604 1.122857 1.122857 1.122857
1230.988281 0.000000 2718.514160 0.000000 0.510883 0.000000 -0.859650 0.915155 0.915155 0.915155
1277.874512 0.000000 2721.658447 0.000000 0.599600 0.000000 -0.800300 0.977259 0.977259 0.977259
1256.046753 0.000000 2716.604736 0.000000 0.998884 0.000000 0.047228 0.684065 0.684065 0.684065
1249.688232 0.000000 2738.132568 0.000000 0.452406 0.000000 -0.891812 1.019496 1.019496 1.019496
1255.847534 0.000000 2717.934570 0.000000 0.798174 0.000000 -0.602427 0.907898 0.907898 0.907898
1274.361694 0.000000 2721.261475 0.000000 0.999903 0.000000 -0.013908 0.703281 0.703281 0.703281
1247.222778 0.000000 2739.109131 0.000000 0.812521 0.000000 0.582932 0.547739 0.547739 0.547739
1230.312378 0.000000 2719.844727 0.000000 0.110530 0.000000 -0.993873 1.003633 1.003633 1.003633
1232.078247 0.000000 2716.354248 0.000000 0.936616 0.000000 -0.350358 0.783198 0.783198 0.783198
1231.053711 0.000000 2716.759033 0.000000 0.373923 0.000000 -0.927460 1.127525 1.127525 1.127525
1249.321899 0.000000 2739.070801 0.000000 0.659133 0.000000 -0.752026 0.946912 0.946912 0.946912
1270.754517 0.000000 2740.213623 0.000000 0.823883 0.000000 0.566759 0.468332 0.468332 0.468332
1192.181030 0.000000 2813.268799 0.000000 0.974972 0.000000 0.222328 0.696474 0.696474 0.696474
1211.128906 0.000000 2777.921143 0.000000 0.995620 0.000000 -0.093491 0.709654 0.709654 0.709654
1197.502808 0.000000 2803.783447 0.000000 0.984395 0.000000 0.175972 0.697836 0.697836 0.697836
1165.287109 0.000000 2807.776123 0.000000 0.653164 0.000000 -0.757217 1.045287 1.045287 1.045287
1190.811401 0.000000 2803.716553 0.000000 0.332545 0.000000 -0.943087 0.710763 0.710763 0.710763
1196.806152 0.000000 2809.549805 0.000000 0.614591 0.000000 0.788846 0.585633 0.585633 0.585633
1204.311035 0.000000 2776.430664 0.000000 0.433291 0.000000 0.901254 0.615637 0.615637 0.615637
1213.873779 0.000000 2761.595947 0.000000 0.623955 0.000000 0.781461 0.676486 0.676486 0.676486
1161.120361 0.000000 2806.154785 0.000000 0.673798 0.000000 -0.738915 0.740685 0.740685 0.740685
1193.552612 0.000000 2806.888184 0.000000 0.868757 0.000000 -0.495239 0.820424 0.820424 0.820424
1195.661255 0.000000 2791.406738 0.000000 0.637088 0.000000 0.770791 0.516976 0.516976 0.516976
1210.217041 0.000000 2774.268799 0.000000 0.999383 0.000000 -0.035126 0.703070 0.703070 0.703070
1207.477295 0.000000 2778.486816 0.000000 0.080848 0.000000 -0.996726 0.837994 0.837994 0.837994
1164.367676 0.000000 2804.217529 0.000000 0.093314 0.000000 0.995637 0.382440 0.382440 0.382440
1215.045410 0.000000 2758.230957 0.000000 0.043040 0.000000 -0.999073 1.092469 1.092469 1.092469
1194.216553 0.000000 2802.852783 0.000000 0.824996 0.000000 0.565139 0.654867 0.654867 0.654867
1193.101440 0.000000 2810.260498 0.000000 0.555255 0.000000 0.831680 0.595303 0.595303 0.595303
1167.318237 0.000000 2805.446777 0.000000 0.112238 0.000000 0.993681 0.613350 0.613350 0.613350
1207.089966 0.000000 2775.109375 0.000000 0.692766 0.000000 0.721163 0.446624 0.446624 0.446624
1194.276855 0.000000 2788.662109 0.000000 0.991059 0.000000 0.133423 0.693218 0.693218 0.693218
1196.486328 0.000000 2806.596191 0.000000 0.941893 0.000000 0.335912 0.668869 0.668869 0.668869
1195.170532 0.000000 2811.815674 0.000000 0.272747 0.000000 -0.962086 1.098171 1.098171 1.098171
1162.742798 0.000000 2808.400146 0.000000 0.266288 0.000000 -0.963893 0.786414 0.786414 0.786414
1197.759155 0.000000 2811.834961 0.000000 0.505764 0.000000 -0.862672 0.807286 0.807286 0.807286
1209.071899 0.000000 2776.593018 0.000000 0.074272 0.000000 -0.997238 1.194269 1.194269 1.194269
1197.929932 0.000000 2792.215088 0.000000 0.710310 0.000000 0.703889 0.560809 0.560809 0.560809
1195.505981 0.000000 2793.926270 0.000000 0.905938 0.000000 0.423410 0.670966 0.670966 0.670966
1212.230591 0.000000 2759.918213 0.000000 0.425959 0.000000 0.904742 0.634788 0.634788 0.634788
1192.863281 0.000000 2804.640869 0.000000 0.502607 0.000000 0.864515 0.473725 0.473725 0.473725
1197.447876 0.000000 2790.017822 0.000000 0.989647 0.000000 0.143526 0.644124 0.644124 0.644124
1163.431030 0.000000 2806.257812 0.000000 0.711750 0.000000 0.702433 0.516260 0.516260 0.516260
1195.029663 0.000000 2804.944092 0.000000 0.971060 0.000000 -0.238834 0.761954 0.761954 0.761954
1194.812744 0.000000 2808.697021 0.000000 0.503970 0.000000 -0.863721 1.115426 1.115426 1.115426
1215.145508 0.000000 2753.878418 0.000000 0.466437 0.000000 -0.884554 0.785368 0.785368 0.785368
1208.360962 0.000000 2773.516846 0.000000 0.916544 0.000000 -0.399934 0.743861 0.743861 0.743861
1206.218018 0.000000 2776.862549 0.000000 0.425210 0.000000 0.905095 0.373701 0.373701 0.373701
1164.374268 0.000000 2809.468750 0.000000 0.730267 0.000000 0.683162 0.585653 0.585653 0.585653
1194.180542 0.000000 2813.411377 0.000000 0.006549 0.000000 -0.999979 0.836683 0.836683 0.836683
1165.247192 0.000000 2805.901123 0.000000 0.294736 0.000000 0.955579 0.426662 0.426662 0.426662
1192.693115 0.000000 2808.511475 0.000000 0.087041 0.000000 0.996205 0.445906 0.445906 0.445906
1209.404541 0.000000 2778.613281 0.000000 0.707874 0.000000 -0.706338 0.790463 0.790463 0.790463
1214.176147 0.000000 2759.845459 0.000000 0.636143 0.000000 -0.771571 0.926403 0.926403 0.926403
1162.402100 0.000000 2804.867676 0.000000 0.098632 0.000000 0.995124 0.545653 0.545653 0.545653
1215.445801 0.000000 2756.168457 0.000000 0.173341 0.000000 -0.984862 0.836675 0.836675 0.836675
1193.354370 0.000000 2811.903809 0.000000 0.342269 0.000000 0.939602 0.569789 0.569789 0.569789
1165.974731 0.000000 2804.424072 0.000000 0.950594 0.000000 0.310436 0.632150 0.632150 0.632150
1208.769531 0.000000 2775.045410 0.000000 0.172851 0.000000 0.984948 0.272737 0.272737 0.272737
1195.248291 0.000000 2810.222900 0.000000 0.161051 0.000000 0.986946 0.266615 0.266615 0.266615
1166.539795 0.000000 2806.822266 0.000000 0.962485 0.000000 0.271334 0.652460 0.652460 0.652460
1196.922607 0.000000 2793.311279 0.000000 0.338269 0.000000 0.941050 0.481511 0.481511 0.481511
1195.070068 0.000000 2807.209229 0.000000 0.259617 0.000000 -0.965712 1.161800 1.161800 1.161800
1215.208496 0.000000 2760.988281 0.000000 0.982003 0.000000 -0.188867 0.725900 0.725900 0.725900
1165.896484 0.000000 2809.948975 0.000000 0.562010 0.000000 -0.827130 0.848084 0.848084 0.848084
1207.641113 0.000000 2777.049561 0.000000 0.698627 0.000000 -0.715486 0.929908 0.929908 0.929908
1163.898682 0.000000 2807.548828 0.000000 0.298191 0.000000 0.954506 0.400849 0.400849 0.400849
1192.318359 0.000000 2806.166992 0.000000 0.986614 0.000000 -0.163075 0.738073 0.738073 0.738073
1193.781250 0.000000 2805.605469 0.000000 0.369640 0.000000 -0.929175 0.958345 0.958345 0.958345
1194.180054 0.000000 2810.926270 0.000000 0.941672 0.000000 -0.336533 0.805570 0.805570 0.805570
1197.010620 0.000000 2791.276855 0.000000 0.245266 0.000000 -0.969456 1.213277 1.213277 1.213277
1194.098267 0.000000 2804.113770 0.000000 0.986576 0.000000 0.163305 0.657859 0.657859 0.657859
1194.807251 0.000000 2790.307617 0.000000 0.725371 0.000000 -0.688358 0.857890 0.857890 0.857890
1209.958618 0.000000 2775.495605 0.000000 0.224493 0.000000 0.974476 0.288854 0.288854 0.288854
1194.309692 0.000000 2791.493652 0.000000 0.539178 0.000000 0.842192 0.491760 0.491760 0.491760
1207.989380 0.000000 2775.928711 0.000000 0.623038 0.000000 -0.782192 0.982535 0.982535 0.982535
1208.616089 0.000000 2777.723633 0.000000 0.569869 0.000000 0.821736 0.381449 0.381449 0.381449
1162.252930 0.000000 2806.535156 0.000000 0.048645 0.000000 -0.998816 1.059107 1.059107 1.059107
1195.422607 0.000000 2806.103027 0.000000 0.769823 0.000000 -0.638258 0.944366 0.944366 0.944366
1215.277100 0.000000 2759.489014 0.000000 0.412273 0.000000 0.911061 0.405637 0.405637 0.405637
1192.492188 0.000000 2807.343018 0.000000 0.925852 0.000000 -0.377887 0.790069 0.790069 0.790069
1206.171509 0.000000 2774.453857 0.000000 0.795805 0.000000 0.605554 0.495388 0.495388 0.495388
1195.790039 0.000000 2809.185791 0.000000 0.977925 0.000000 -0.208957 0.783877 0.783877 0.783877
1164.725220 0.000000 2806.881104 0.000000 0.993420 0.000000 -0.114526 0.746134 0.746134 0.746134
1196.262329 0.000000 2790.561035 0.000000 0.678661 0.000000 -0.734452 1.020015 1.020015 1.020015
1207.915527 0.000000 2774.506836 0.000000 0.698427 0.000000 -0.715681 0.950897 0.950897 0.950897
1206.916748 0.000000 2776.111572 0.000000 0.998048 0.000000 0.062444 0.681982 0.681982 0.681982
1194.464478 0.000000 2806.335938 0.000000 0.279905 0.000000 -0.960028 1.154362 1.154362 1.154362
1194.325195 0.000000 2809.998535 0.000000 0.175873 0.000000 0.984413 0.144560 0.144560 0.144560
1165.639160 0.000000 2806.792725 0.000000 0.362266 0.000000 -0.932075 1.182372 1.182372 1.182372
1272.491821 0.000000 2803.682373 0.000000 0.868734 0.000000 0.495279 0.683701 0.683701 0.683701
1267.548462 0.000000 2788.162598 0.000000 0.989042 0.000000 -0.147632 0.747905 0.747905 0.747905
1258.836792 0.000000 2759.274658 0.000000 0.987655 0.000000 0.156642 0.655195 0.655195 0.655195
1216.224121 0.000000 2754.621338 0.000000 0.999635 0.000000 0.027030 0.697213 0.697213 0.697213
1266.213501 0.000000 2811.720703 0.000000 0.118447 0.000000 -0.992960 0.804042 0.804042 0.804042
1218.169189 0.000000 2760.790039 0.000000 0.611950 0.000000 0.790897 0.656955 0.656955 0.656955
1267.027344 0.000000 2805.893555 0.000000 0.787417 0.000000 0.616421 0.650089 0.650089 0.650089
1277.499023 0.000000 2752.134766 0.000000 0.135304 0.000000 -0.990804 1.043584 1.043584 1.043584
1273.521118 0.000000 2799.022949 0.000000 0.175442 0.000000 0.984490 0.678068 0.678068 0.678068
1220.020508 0.000000 2752.581787 0.000000 0.539667 0.000000 -0.841878 0.794441 0.794441 0.794441
1264.025635 0.000000 2790.776855 0.000000 0.966322 0.000000 0.257337 0.672710 0.672710 0.672710
1268.360596 0.000000 2801.873779 0.000000 0.860459 0.000000 -0.509519 0.840145 0.840145 0.840145
1261.375244 0.000000 2756.254150 0.000000 0.148332 0.000000 -0.988938 0.779517 0.779517 0.779517
1219.132446 0.000000 2757.199463 0.000000 0.675953 0.000000 -0.736945 0.724615 0.724615 0.724615
1263.483276 0.000000 2806.864502 0.000000 0.913966 0.000000 -0.405791 0.710223 0.710223 0.710223
1215.972412 0.000000 2763.815674 0.000000 0.988193 0.000000 -0.153212 0.703495 0.703495 0.703495
1274.229004 0.000000 2753.296387 0.000000 0.266730 0.000000 0.963771 0.238530 0.238530 0.238530
1215.876221 0.000000 2758.011963 0.000000 0.264259 0.000000 -0.964452 1.034827 1.034827 1.034827
1264.373047 0.000000 2787.168457 0.000000 0.851015 0.000000 -0.525142 0.752175 0.752175 0.752175
1256.520264 0.000000 2756.617432 0.000000 0.011618 0.000000 0.999933 0.323978 0.323978 0.323978
1216.383423 0.000000 2751.478027 0.000000 0.513932 0.000000 -0.857831 0.856758 0.856758 0.856758
1268.218994 0.000000 2809.143799 0.000000 0.128565 0.000000 -0.991701 0.815911 0.815911 0.815911
1277.730713 0.000000 2755.485107 0.000000 0.109483 0.000000 0.993989 0.602971 0.602971 0.602971
1270.610474 0.000000 2799.853027 0.000000 0.986307 0.000000 -0.164919 0.716793 0.716793 0.716793
1258.445923 0.000000 2761.987061 0.000000 0.937830 0.000000 0.347095 0.668407 0.668407 0.668407
1259.794189 0.000000 2754.038330 0.000000 0.532395 0.000000 -0.846496 0.745863 0.745863 0.745863
1266.624756 0.000000 2790.528320 0.000000 0.019815 0.000000 0.999804 0.507557 0.507557 0.507557
1265.676758 0.000000 2808.267578 0.000000 0.114983 0.000000 0.993367 0.478697 0.478697 0.478697
1261.456299 0.000000 2758.748779 0.000000 0.334371 0.000000 -0.942442 0.809613 0.809613 0.809613
1270.034912 0.000000 2803.674805 0.000000 0.995944 0.000000 0.089971 0.686302 0.686302 0.686302
1274.274414 0.000000 2755.625244 0.000000 0.953875 0.000000 0.300203 0.660569 0.660569 0.660569
1272.554810 0.000000 2801.176270 0.000000 0.827608 0.000000 0.561306 0.644801 0.644801 0.644801
1269.840088 0.000000 2788.332764 0.000000 0.390749 0.000000 -0.920497 0.816482 0.816482 0.816482
1215.923462 0.000000 2760.577148 0.000000 0.057471 0.000000 -0.998347 0.906279 0.906279 0.906279
1266.510620 0.000000 2786.150879 0.000000 0.916111 0.000000 -0.400924 0.746139 0.746139 0.746139
1259.043457 0.000000 2756.238037 0.000000 0.999621 0.000000 -0.027529 0.705774 0.705774 0.705774
1218.416870 0.000000 2754.247070 0.000000 0.035888 0.000000 0.999356 0.533693 0.533693 0.533693
1275.439453 0.000000 2751.445068 0.000000 0.854385 0.000000 -0.519641 0.786899 0.786899 0.786899
1256.515015 0.000000 2758.937256 0.000000 0.998629 0.000000 0.052348 0.684898 0.684898 0.684898
1221.854858 0.000000 2753.561035 0.000000 0.974810 0.000000 0.223035 0.678774 0.678774 0.678774
1256.425659 0.000000 2761.300049 0.000000 0.670503 0.000000 -0.741907 0.773041 0.773041 0.773041
1217.777710 0.000000 2758.698730 0.000000 0.583424 0.000000 0.812167 0.380303 0.380303 0.380303
1263.159790 0.000000 2788.940186 0.000000 0.952939 0.000000 -0.303163 0.723684 0.723684 0.723684
1217.219604 0.000000 2756.413086 0.000000 0.921934 0.000000 -0.387346 0.759084 0.759084 0.759084
1265.475830 0.000000 2788.866699 0.000000 0.546216 0.000000 0.837645 0.411944 0.411944 0.411944
1269.853027 0.000000 2808.006592 0.000000 0.816066 0.000000 0.577959 0.650462 0.650462 0.650462
1218.080811 0.000000 2752.358154 0.000000 0.808023 0.000000 0.589151 0.502922 0.502922 0.502922
1219.718506 0.000000 2758.993652 0.000000 0.127526 0.000000 -0.991835 0.861384 0.861384 0.861384
1270.799805 0.000000 2801.969482 0.000000 0.991608 0.000000 0.129282 0.660804 0.660804 0.660804
1268.567505 0.000000 2800.055420 0.000000 0.077919 0.000000 -0.996960 1.091319 1.091319 1.091319
1257.933594 0.000000 2757.728027 0.000000 0.633927 0.000000 0.773393 0.486766 0.486766 0.486766
1266.534424 0.000000 2809.944092 0.000000 0.709047 0.000000 -0.705161 0.905162 0.905162 0.905162
1259.967285 0.000000 2757.725586 0.000000 0.944482 0.000000 -0.328564 0.770207 0.770207 0.770207
1216.662964 0.000000 2753.093506 0.000000 0.324283 0.000000 -0.945960 1.055544 1.055544 1.055544
1264.076782 0.000000 2808.249512 0.000000 0.936600 0.000000 -0.350401 0.754430 0.754430 0.754430
1277.614014 0.000000 2753.737305 0.000000 0.653141 0.000000 -0.757236 0.905678 0.905678 0.905678
1219.167358 0.000000 2751.407715 0.000000 0.994241 0.000000 -0.107166 0.717826 0.717826 0.717826
1269.696655 0.000000 2801.059814 0.000000 0.793532 0.000000 -0.608529 0.871492 0.871492 0.871492
1276.083008 0.000000 2752.714355 0.000000 0.506251 0.000000 -0.862386 0.948987 0.948987 0.948987
1266.635498 0.000000 2807.218018 0.000000 0.271569 0.000000 0.962419 0.351271 0.351271 0.351271
1216.467651 0.000000 2759.250488 0.000000 0.035198 0.000000 0.999380 0.182070 0.182070 0.182070
1266.973633 0.000000 2808.553955 0.000000 0.816333 0.000000 -0.577582 0.861415 0.861415 0.861415
1219.855347 0.000000 2753.897949 0.000000 0.558434 0.000000 -0.829549 1.006029 1.006029 1.006029
1266.757080 0.000000 2789.195068 0.000000 0.523351 0.000000 0.852117 0.370225 0.370225 0.370225
1271.903809 0.000000 2800.023193 0.000000 0.921179 0.000000 0.389139 0.579159 0.579159 0.579159
1274.257690 0.000000 2752.010742 0.000000 0.999350 0.000000 -0.036045 0.712790 0.712790 0.712790
1264.302734 0.000000 2789.358643 0.000000 0.621257 0.000000 -0.783607 0.961220 0.961220 0.961220
1257.712158 0.000000 2756.370850 0.000000 0.984451 0.000000 -0.175657 0.742584 0.742584 0.742584
1218.968506 0.000000 2753.136963 0.000000 0.213951 0.000000 0.976844 0.276076 0.276076 0.276076
1256.204102 0.000000 2757.760986 0.000000 0.540342 0.000000 0.841446 0.458845 0.458845 0.458845
1271.271606 0.000000 2800.942871 0.000000 0.521494 0.000000 -0.853255 1.009042 1.009042 1.009042
1264.076538 0.000000 2788.274902 0.000000 0.585882 0.000000 -0.810396 0.974094 0.974094 0.974094
1265.608765 0.000000 2789.973877 0.000000 0.998807 0.000000 -0.048825 0.714170 0.714170 0.714170
1257.601196 0.000000 2759.188721 0.000000 0.163407 0.000000 0.986559 0.294390 0.294390 0.294390
1259.855835 0.000000 2758.839844 0.000000 0.744401 0.000000 0.667733 0.491725 0.491725 0.491725
1258.979614 0.000000 2758.206299 0.000000 0.569486 0.000000 -0.822001 0.974862 0.974862 0.974862
1275.294922 0.000000 2753.402344 0.000000 0.369109 0.000000 0.929386 0.276862 0.276862 0.276862
1218.021606 0.000000 2753.363037 0.000000 0.953105 0.000000 -0.302639 0.796179 0.796179 0.796179
1275.142822 0.000000 2752.395996 0.000000 0.132243 0.000000 -0.991217 1.210203 1.210203 1.210203
1279.880249 0.000000 2723.990479 0.000000 0.894832 0.000000 -0.446403 0.747712 0.747712 0.747712
1377.503418 0.000000 2728.212402 0.000000 0.999997 0.000000 -0.002255 0.700595 0.700595 0.700595
1381.118164 0.000000 2729.623047 0.000000 0.815068 0.000000 -0.579365 0.762635 0.762635 0.762635
1378.587646 0.000000 2731.372559 0.000000 0.963873 0.000000 -0.266362 0.729684 0.729684 0.729684
1375.645874 0.000000 2729.565430 0.000000 0.264206 0.000000 0.964466 0.615720 0.615720 0.615720
1378.593994 0.000000 2726.058350 0.000000 0.605299 0.000000 -0.795998 0.833540 0.833540 0.833540
1379.241211 0.000000 2729.030273 0.000000 0.838197 0.000000 -0.545367 0.884474 0.884474 0.884474
1377.505371 0.000000 2729.971680 0.000000 0.972565 0.000000 0.232631 0.638045 0.638045 0.638045
1378.891968 0.000000 2727.611084 0.000000 0.991152 0.000000 0.132729 0.680691 0.680691 0.680691
1376.336548 0.000000 2728.537598 0.000000 0.035555 0.000000 -0.999368 1.105125 1.105125 1.105125
1378.145752 0.000000 2729.102295 0.000000 0.567753 0.000000 0.823199 0.390739 0.390739 0.390739
1381.183960 0.000000 2784.458496 0.000000 0.266484 0.000000 -0.963839 0.916001 0.916001 0.916001
1352.002563 0.000000 2785.511475 0.000000 0.854597 0.000000 -0.519292 0.773475 0.773475 0.773475
1381.122803 0.000000 2780.367920 0.000000 0.925580 0.000000 0.378552 0.644366 0.644366 0.644366
1355.619385 0.000000 2784.495605 0.000000 0.847018 0.000000 0.531564 0.489423 0.489423 0.489423
1357.005493 0.000000 2786.931152 0.000000 0.183581 0.000000 -0.983005 0.801743 0.801743 0.801743
1379.376099 0.000000 2782.571777 0.000000 0.743182 0.000000 -0.669089 0.801195 0.801195 0.801195
1354.231201 0.000000 2786.791992 0.000000 0.999818 0.000000 0.019072 0.697033 0.697033 0.697033
1382.632935 0.000000 2782.403076 0.000000 0.700766 0.000000 0.713391 0.522317 0.522317 0.522317
1357.642944 0.000000 2782.846924 0.000000 0.956715 0.000000 0.291025 0.680906 0.680906 0.680906
1383.368652 0.000000 2784.629639 0.000000 0.544297 0.000000 -0.838892 0.771310 0.771310 0.771310
1357.489258 0.000000 2784.927979 0.000000 0.221328 0.000000 -0.975199 1.020291 1.020291 1.020291
1355.535400 0.000000 2782.637451 0.000000 0.033693 0.000000 -0.999432 0.917583 0.917583 0.917583
1353.591187 0.000000 2784.604736 0.000000 0.150903 0.000000 0.988549 0.509011 0.509011 0.509011
1381.031494 0.000000 2782.812500 0.000000 0.053208 0.000000 0.998583 0.124501 0.124501 0.124501
1355.666626 0.000000 2786.119873 0.000000 0.275562 0.000000 -0.961283 0.900892 0.900892 0.900892
1355.544922 0.000000 2787.648193 0.000000 0.898979 0.000000 -0.437992 0.770514 0.770514 0.770514
1382.249878 0.000000 2783.674561 0.000000 0.959551 0.000000 -0.281534 0.763840 0.763840 0.763840
1354.661011 0.000000 2785.291748 0.000000 0.266708 0.000000 0.963777 0.211242 0.211242 0.211242
1356.446045 0.000000 2785.300781 0.000000 0.277334 0.000000 -0.960774 1.006543 1.006543 1.006543
1454.401123 0.000000 2768.658936 0.000000 0.040466 0.000000 0.999181 0.643838 0.643838 0.643838
1461.940796 0.000000 2767.109131 0.000000 0.121613 0.000000 0.992578 0.520225 0.520225 0.520225
1458.882324 0.000000 2770.057617 0.000000 0.323090 0.000000 -0.946368 0.758594 0.758594 0.758594
1464.335449 0.000000 2759.521484 0.000000 0.512563 0.000000 -0.858649 0.985128 0.985128 0.985128
1466.808350 0.000000 2761.881348 0.000000 0.071748 0.000000 0.997423 0.652847 0.652847 0.652847
1460.432983 0.000000 2764.607666 0.000000 0.156790 0.000000 0.987632 0.312216 0.312216 0.312216
1457.434448 0.000000 2767.625732 0.000000 0.954405 0.000000 -0.298516 0.771517 0.771517 0.771517
1463.652710 0.000000 2765.020020 0.000000 0.888525 0.000000 0.458828 0.669178 0.669178 0.669178
1461.502075 0.000000 2769.737549 0.000000 0.401601 0.000000 0.915815 0.637291 0.637291 0.637291
1459.730835 0.000000 2767.856934 0.000000 0.072046 0.000000 -0.997401 1.223816 1.223816 1.223816
1465.355225 0.000000 2757.654297 0.000000 0.160792 0.000000 0.986988 0.315791 0.315791 0.315791
1462.697388 0.000000 2758.392090 0.000000 0.914884 0.000000 0.403717 0.663687 0.663687 0.663687
1460.643921 0.000000 2762.255859 0.000000 0.332831 0.000000 -0.942987 0.803303 0.803303 0.803303
1466.273315 0.000000 2759.326660 0.000000 0.376118 0.000000 0.926572 0.517732 0.517732 0.517732
1458.937866 0.000000 2766.118408 0.000000 0.264917 0.000000 0.964271 0.244692 0.244692 0.244692
1458.995850 0.000000 2763.440186 0.000000 0.839905 0.000000 -0.542733 0.777198 0.777198 0.777198
1456.401733 0.000000 2768.970459 0.000000 0.941471 0.000000 0.337095 0.641115 0.641115 0.641115
1460.543091 0.000000 2766.256348 0.000000 0.772007 0.000000 0.635615 0.614534 0.614534 0.614534
1456.898315 0.000000 2766.127197 0.000000 0.519637 0.000000 0.854387 0.458327 0.458327 0.458327
1458.544800 0.000000 2768.609619 0.000000 0.650959 0.000000 -0.759113 0.877747 0.877747 0.877747
1465.017944 0.000000 2756.327148 0.000000 0.279669 0.000000 0.960096 0.349040 0.349040 0.349040
1459.051147 0.000000 2764.758057 0.000000 0.095240 0.000000 0.995454 0.163692 0.163692 0.163692
1466.455078 0.000000 2756.903076 0.000000 0.993352 0.000000 -0.115119 0.719759 0.719759 0.719759
1459.857544 0.000000 2769.166016 0.000000 0.329829 0.000000 -0.944041 0.954608 0.954608 0.954608
1458.625488 0.000000 2767.345947 0.000000 0.688342 0.000000 0.725387 0.416334 0.416334 0.416334
1464.407959 0.000000 2758.378418 0.000000 0.967113 0.000000 -0.254346 0.771010 0.771010 0.771010
1461.212769 0.000000 2765.439453 0.000000 0.842420 0.000000 0.538821 0.543873 0.543873 0.543873
1465.295044 0.000000 2758.952148 0.000000 0.819528 0.000000 0.573039 0.531510 0.531510 0.531510
1459.800537 0.000000 2765.534912 0.000000 0.856638 0.000000 -0.515919 0.897044 0.897044 0.897044
1459.709961 0.000000 2766.765869 0.000000 0.126933 0.000000 -0.991911 1.204534 1.204534 1.204534
1458.261841 0.000000 2765.463379 0.000000 0.461390 0.000000 -0.887197 1.096661 1.096661 1.096661
1084.426025 0.000000 2876.033203 0.000000 0.896764 0.000000 0.442508 0.687183 0.687183 0.687183
1069.764282 0.000000 2858.613037 0.000000 0.313045 0.000000 -0.949738 1.032678 1.032678 1.032678
1026.192505 0.000000 2824.774414 0.000000 0.440760 0.000000 0.897625 0.670789 0.670789 0.670789
1030.663330 0.000000 2820.000000 0.000000 0.856134 0.000000 -0.516753 0.749350 0.749350 0.749350
1041.956299 0.000000 2867.756592 0.000000 0.246720 0.000000 -0.969087 0.801615 0.801615 0.801615
1037.858643 0.000000 2864.971924 0.000000 0.721907 0.000000 0.691990 0.591818 0.591818 0.591818
1087.464111 0.000000 2862.162842 0.000000 0.096663 0.000000 -0.995317 0.728335 0.728335 0.728335
1027.155884 0.000000 2821.183838 0.000000 0.662287 0.000000 0.749250 0.586034 0.586034 0.586034
1029.762817 0.000000 2823.207764 0.000000 0.572296 0.000000 0.820047 0.424433 0.424433 0.424433
1069.262085 0.000000 2861.706543 0.000000 0.355468 0.000000 -0.934688 0.788620 0.788620 0.788620
1040.886108 0.000000 2864.895020 0.000000 0.869603 0.000000 -0.493752 0.799270 0.799270 0.799270
1038.163330 0.000000 2862.354248 0.000000 0.501890 0.000000 0.864931 0.553900 0.553900 0.553900
1083.672852 0.000000 2878.478027 0.000000 0.090089 0.000000 -0.995934 0.914758 0.914758 0.914758
1039.539307 0.000000 2867.013184 0.000000 0.941433 0.000000 -0.337200 0.770926 0.770926 0.770926
1028.408081 0.000000 2819.095703 0.000000 0.805941 0.000000 -0.591995 0.750929 0.750929 0.750929
1069.945435 0.000000 2856.199463 0.000000 0.999646 0.000000 -0.026624 0.706980 0.706980 0.706980
1067.521606 0.000000 2857.910645 0.000000 0.698426 0.000000 -0.715682 0.764118 0.764118 0.764118
1069.463379 0.000000 2854.002197 0.000000 0.658902 0.000000 -0.752229 0.761006 0.761006 0.761006
1028.371826 0.000000 2824.970947 0.000000 0.154885 0.000000 -0.987933 0.813773 0.813773 0.813773
1031.173706 0.000000 2821.860840 0.000000 0.159490 0.000000 -0.987200 0.828189 0.828189 0.828189
1029.239258 0.000000 2821.341309 0.000000 0.538196 0.000000 -0.842820 0.985569 0.985569 0.985569
1071.599243 0.000000 2859.001709 0.000000 0.917873 0.000000 -0.396874 0.764902 0.764902 0.764902
1027.741943 0.000000 2822.978027 0.000000 0.183992 0.000000 0.982928 0.511106 0.511106 0.511106
1039.776733 0.000000 2863.388428 0.000000 0.468447 0.000000 -0.883491 0.851448 0.851448 0.851448
1039.373291 0.000000 2865.159180 0.000000 0.326589 0.000000 -0.945166 1.167357 1.167357 1.167357
1070.884033 0.000000 2857.482910 0.000000 0.317940 0.000000 0.948111 0.506010 0.506010 0.506010
1068.740601 0.000000 2859.749268 0.000000 0.119699 0.000000 -0.992810 1.085383 1.085383 1.085383
1068.938110 0.000000 2857.295654 0.000000 0.993231 0.000000 0.116159 0.669481 0.669481 0.669481
1036.374634 0.000000 2864.471191 0.000000 0.143675 0.000000 -0.989625 0.901945 0.901945 0.901945
1071.396973 0.000000 2856.039062 0.000000 0.224401 0.000000 0.974497 0.490888 0.490888 0.490888
1028.290405 0.000000 2820.413574 0.000000 0.919039 0.000000 -0.394167 0.815413 0.815413 0.815413
1038.540649 0.000000 2866.039062 0.000000 0.765982 0.000000 0.642861 0.556015 0.556015 0.556015
1028.823364 0.000000 2822.472656 0.000000 0.809690 0.000000 0.586857 0.520250 0.520250 0.520250
1028.634644 0.000000 2823.780762 0.000000 0.678533 0.000000 -0.734570 0.936457 0.936457 0.936457
1068.539673 0.000000 2858.486816 0.000000 0.474547 0.000000 0.880230 0.414087 0.414087 0.414087
1029.386108 0.000000 2820.058105 0.000000 0.035339 0.000000 -0.999375 1.137382 1.137382 1.137382
1068.071533 0.000000 2856.483154 0.000000 0.055578 0.000000 -0.998454 1.097188 1.097188 1.097188
1028.173584 0.000000 2821.556152 0.000000 0.019736 0.000000 0.999805 0.258171 0.258171 0.258171
1089.843140 0.000000 2858.323975 0.000000 0.731969 0.000000 0.681338 0.664631 0.664631 0.664631
1088.097778 0.000000 2840.191162 0.000000 0.364162 0.000000 0.931336 0.601595 0.601595 0.601595
1093.228271 0.000000 2839.638916 0.000000 0.844263 0.000000 -0.535929 0.737561 0.737561 0.737561
1090.629761 0.000000 2844.854736 0.000000 0.790620 0.000000 0.612307 0.676968 0.676968 0.676968
1092.124756 0.000000 2862.673584 0.000000 0.974016 0.000000 0.226480 0.686425 0.686425 0.686425
1088.074829 0.000000 2861.747803 0.000000 0.831122 0.000000 0.556090 0.587675 0.587675 0.587675
1090.831787 0.000000 2841.730469 0.000000 0.951495 0.000000 0.307664 0.613648 0.613648 0.613648
1095.869507 0.000000 2841.434326 0.000000 0.575918 0.000000 0.817508 0.646478 0.646478 0.646478
1093.313477 0.000000 2843.417480 0.000000 0.998172 0.000000 -0.060435 0.709088 0.709088 0.709088
1090.476318 0.000000 2838.613281 0.000000 0.079717 0.000000 -0.996818 0.827676 0.827676 0.827676
1090.359131 0.000000 2860.779541 0.000000 0.031108 0.000000 0.999516 0.223742 0.223742 0.223742
1093.750366 0.000000 2841.464600 0.000000 0.925424 0.000000 -0.378934 0.790332 0.790332 0.790332
1091.679688 0.000000 2858.088623 0.000000 0.871660 0.000000 -0.490112 0.751918 0.751918 0.751918
1093.614868 0.000000 2861.642822 0.000000 0.923835 0.000000 -0.382791 0.740502 0.740502 0.740502
1090.048096 0.000000 2862.471191 0.000000 0.345366 0.000000 0.938468 0.433894 0.433894 0.433894
1091.570801 0.000000 2840.088135 0.000000 0.882457 0.000000 0.470393 0.564775 0.564775 0.564775
1091.628784 0.000000 2843.258301 0.000000 0.958707 0.000000 0.284395 0.647084 0.647084 0.647084
1088.880615 0.000000 2860.460449 0.000000 0.323445 0.000000 0.946247 0.463524 0.463524 0.463524
1092.373901 0.000000 2841.966797 0.000000 0.979308 0.000000 0.202377 0.652635 0.652635 0.652635
1091.694824 0.000000 2861.258545 0.000000 0.999813 0.000000 -0.019322 0.705977 0.705977 0.705977
1090.961914 0.000000 2863.459473 0.000000 0.158168 0.000000 0.987412 0.391560 0.391560 0.391560
1092.733398 0.000000 2840.791016 0.000000 0.090134 0.000000 0.995930 0.355880 0.355880 0.355880
1091.718506 0.000000 2841.145508 0.000000 0.423112 0.000000 -0.906077 1.013096 1.013096 1.013096
1091.273560 0.000000 2860.352783 0.000000 0.518517 0.000000 0.855067 0.382734 0.382734 0.382734
1059.370850 0.000000 2879.859375 0.000000 0.077230 0.000000 -0.997013 0.723490 0.723490 0.723490
1065.309937 0.000000 2881.368164 0.000000 0.168910 0.000000 -0.985632 0.780800 0.780800 0.780800
1085.522339 0.000000 2880.103516 0.000000 0.998759 0.000000 0.049803 0.686069 0.686069 0.686069
1082.252441 0.000000 2881.265137 0.000000 0.513911 0.000000 0.857843 0.442334 0.442334 0.442334
1062.048950 0.000000 2881.810791 0.000000 0.581635 0.000000 -0.813450 0.932443 0.932443 0.932443
1058.855591 0.000000 2883.002686 0.000000 0.576564 0.000000 -0.817052 0.735095 0.735095 0.735095
1085.754150 0.000000 2883.453857 0.000000 0.997568 0.000000 -0.069705 0.706096 0.706096 0.706096
1063.305054 0.000000 2879.350830 0.000000 0.412160 0.000000 0.911111 0.617890 0.617890 0.617890
1082.297852 0.000000 2883.593994 0.000000 0.987039 0.000000 -0.160482 0.712112 0.712112 0.712112
1083.462891 0.000000 2879.413818 0.000000 0.617974 0.000000 -0.786198 0.831216 0.831216 0.831216
1084.210693 0.000000 2882.055664 0.000000 0.903753 0.000000 0.428054 0.661349 0.661349 0.661349
1087.161011 0.000000 2881.847168 0.000000 0.756049 0.000000 0.654515 0.641392 0.641392 0.641392
1061.352051 0.000000 2879.937744 0.000000 0.921613 0.000000 0.388110 0.658903 0.658903 0.658903
1062.908691 0.000000 2883.539551 0.000000 0.286999 0.000000 0.957931 0.543453 0.543453 0.543453
1060.176025 0.000000 2881.682373 0.000000 0.469459 0.000000 -0.882954 1.032832 1.032832 1.032832
1058.258301 0.000000 2881.319336 0.000000 0.999122 0.000000 0.041904 0.695898 0.695898 0.695898
1060.596436 0.000000 2883.397949 0.000000 0.260308 0.000000 0.965526 0.482936 0.482936 0.482936
1063.675171 0.000000 2881.026855 0.000000 0.166286 0.000000 0.986078 0.356560 0.356560 0.356560
1085.637451 0.000000 2881.706055 0.000000 0.304215 0.000000 -0.952604 1.052783 1.052783 1.052783
1084.106323 0.000000 2880.683105 0.000000 0.665999 0.000000 0.745953 0.464575 0.464575 0.464575
1062.476318 0.000000 2880.553223 0.000000 0.982648 0.000000 -0.185481 0.745644 0.745644 0.745644
1060.388062 0.000000 2880.523682 0.000000 0.933286 0.000000 -0.359133 0.812984 0.812984 0.812984
1061.303955 0.000000 2881.023438 0.000000 0.950498 0.000000 -0.310731 0.797182 0.797182 0.797182
1210.270142 0.000000 2828.837891 0.000000 0.163936 0.000000 -0.986471 0.808121 0.808121 0.808121
1213.289185 0.000000 2836.136230 0.000000 0.980913 0.000000 -0.194446 0.707524 0.707524 0.707524
1199.712524 0.000000 2824.186768 0.000000 0.982464 0.000000 0.186455 0.681645 0.681645 0.681645
1205.972046 0.000000 2831.093506 0.000000 0.760049 0.000000 -0.649866 0.716071 0.716071 0.716071
1206.555420 0.000000 2826.576416 0.000000 0.975686 0.000000 -0.219172 0.727031 0.727031 0.727031
1197.383057 0.000000 2820.238525 0.000000 0.463964 0.000000 0.885854 0.642941 0.642941 0.642941
1214.518555 0.000000 2839.628174 0.000000 0.510441 0.000000 0.859913 0.562522 0.562522 0.562522
1200.916260 0.000000 2821.064453 0.000000 0.428131 0.000000 0.903717 0.554078 0.554078 0.554078
1204.464233 0.000000 2828.592041 0.000000 0.988373 0.000000 0.152051 0.682928 0.682928 0.682928
1215.838867 0.000000 2837.181885 0.000000 0.952112 0.000000 0.305748 0.637553 0.637553 0.637553
1207.683960 0.000000 2829.004395 0.000000 0.509433 0.000000 -0.860510 1.054950 1.054950 1.054950
1197.464111 0.000000 2822.733154 0.000000 0.904164 0.000000 0.427185 0.656805 0.656805 0.656805
1208.568115 0.000000 2831.217285 0.000000 0.412239 0.000000 -0.911076 0.826159 0.826159 0.826159
1208.763306 0.000000 2826.952881 0.000000 0.448687 0.000000 -0.893689 0.802394 0.802394 0.802394
1199.040894 0.000000 2821.196045 0.000000 0.999965 0.000000 0.008397 0.698298 0.698298 0.698298
1214.116333 0.000000 2837.788818 0.000000 0.970043 0.000000 0.242932 0.650684 0.650684 0.650684
1200.350464 0.000000 2822.647705 0.000000 0.198655 0.000000 -0.980069 0.985077 0.985077 0.985077
1206.074829 0.000000 2828.779541 0.000000 0.731995 0.000000 -0.681310 0.956741 0.956741 0.956741
1198.923828 0.000000 2822.843018 0.000000 0.873874 0.000000 -0.486153 0.852601 0.852601 0.852601
1208.936768 0.000000 2828.352783 0.000000 0.703471 0.000000 -0.710724 0.927949 0.927949 0.927949
1208.712036 0.000000 2829.830566 0.000000 0.936223 0.000000 0.351407 0.596460 0.596460 0.596460
1206.236206 0.000000 2829.920410 0.000000 0.342589 0.000000 0.939485 0.281733 0.281733 0.281733
1216.082153 0.000000 2840.191162 0.000000 0.981966 0.000000 0.189060 0.687701 0.687701 0.687701
1232.057495 0.000000 2841.900146 0.000000 0.815117 0.000000 0.579296 0.637373 0.637373 0.637373
1221.212646 0.000000 2839.638916 0.000000 0.733506 0.000000 -0.679683 0.864559 0.864559 0.864559
1229.449707 0.000000 2836.095947 0.000000 0.279750 0.000000 -0.960073 0.724746 0.724746 0.724746
1218.196533 0.000000 2835.890869 0.000000 0.157587 0.000000 0.987505 0.653098 0.653098 0.653098
1232.460205 0.000000 2838.332764 0.000000 0.656261 0.000000 0.754534 0.546109 0.546109 0.546109
1218.816162 0.000000 2841.730469 0.000000 0.426934 0.000000 -0.904283 0.853991 0.853991 0.853991
1221.907104 0.000000 2836.752930 0.000000 0.061749 0.000000 -0.998092 0.831856 0.831856 0.831856
1229.894409 0.000000 2839.875488 0.000000 0.341660 0.000000 0.939824 0.554769 0.554769 0.554769
1218.460693 0.000000 2838.613281 0.000000 0.387526 0.000000 0.921859 0.216282 0.216282 0.216282
1216.637329 0.000000 2837.331299 0.000000 0.886787 0.000000 -0.462178 0.860369 0.860369 0.860369
1219.883301 0.000000 2837.126709 0.000000 0.236980 0.000000 0.971515 0.339318 0.339318 0.339318
1230.545166 0.000000 2837.905518 0.000000 0.824528 0.000000 -0.565821 0.769369 0.769369 0.769369
1228.776489 0.000000 2838.393799 0.000000 0.404845 0.000000 0.914385 0.562865 0.562865 0.562865
1232.779663 0.000000 2840.107910 0.000000 0.119755 0.000000 0.992804 0.552952 0.552952 0.552952
1219.555176 0.000000 2840.088135 0.000000 0.229103 0.000000 0.973402 0.517392 0.517392 0.517392
1233.758179 0.000000 2841.676514 0.000000 0.965596 0.000000 0.260046 0.673335 0.673335 0.673335
1231.343384 0.000000 2836.432373 0.000000 0.986763 0.000000 -0.162169 0.718788 0.718788 0.718788
1230.431274 0.000000 2841.609375 0.000000 0.946300 0.000000 0.323291 0.626935 0.626935 0.626935
1231.401489 0.000000 2839.445312 0.000000 0.967011 0.000000 0.254734 0.613125 0.613125 0.613125
1216.917236 0.000000 2838.805664 0.000000 0.882798 0.000000 -0.469752 0.864935 0.864935 0.864935
1221.035156 0.000000 2838.071289 0.000000 0.104508 0.000000 -0.994524 1.022828 1.022828 1.022828
1219.890991 0.000000 2838.783447 0.000000 0.035447 0.000000 -0.999372 1.333221 1.333221 1.333221
1218.400391 0.000000 2837.196289 0.000000 0.862827 0.000000 0.505500 0.556446 0.556446 0.556446
1233.800659 0.000000 2839.254150 0.000000 0.702617 0.000000 -0.711568 0.842512 0.842512 0.842512
1231.363403 0.000000 2840.721924 0.000000 0.999997 0.000000 0.002345 0.699479 0.699479 0.699479
1219.417969 0.000000 2836.042236 0.000000 0.703573 0.000000 -0.710623 0.914096 0.914096 0.914096
1217.284546 0.000000 2836.468506 0.000000 0.272293 0.000000 0.962215 0.267737 0.267737 0.267737
1217.624878 0.000000 2837.951416 0.000000 0.548302 0.000000 -0.836280 1.030605 1.030605 1.030605
1219.205811 0.000000 2837.908936 0.000000 0.393113 0.000000 -0.919490 1.016053 1.016053 1.016053
1231.447998 0.000000 2838.424072 0.000000 0.913111 0.000000 0.407712 0.558359 0.558359 0.558359
1218.645874 0.000000 2839.597412 0.000000 0.910642 0.000000 -0.413196 0.875679 0.875679 0.875679
1216.050171 0.000000 2838.237305 0.000000 0.174504 0.000000 0.984656 0.229356 0.229356 0.229356
1217.702637 0.000000 2839.350830 0.000000 0.522470 0.000000 -0.852658 1.044384 1.044384 1.044384
1293.543335 0.000000 2878.176514 0.000000 0.855631 0.000000 -0.517586 0.763699 0.763699 0.763699
1295.375488 0.000000 2879.286621 0.000000 0.836687 0.000000 0.547681 0.641253 0.641253 0.641253
1291.287354 0.000000 2878.333008 0.000000 0.129573 0.000000 0.991570 0.533811 0.533811 0.533811
1291.225464 0.000000 2880.083740 0.000000 0.493427 0.000000 -0.869787 1.052070 1.052070 1.052070
1327.393799 0.000000 2880.725098 0.000000 0.759506 0.000000 -0.650500 0.774263 0.774263 0.774263
1332.728027 0.000000 2886.600098 0.000000 0.562142 0.000000 0.827041 0.429408 0.429408 0.429408
1286.632202 0.000000 2883.984375 0.000000 0.670937 0.000000 -0.741514 0.711678 0.711678 0.711678
1296.436646 0.000000 2883.051514 0.000000 0.472904 0.000000 0.881114 0.683042 0.683042 0.683042
1291.947144 0.000000 2884.903076 0.000000 0.204494 0.000000 0.978868 0.642756 0.642756 0.642756
1331.063232 0.000000 2882.746094 0.000000 0.352331 0.000000 0.935876 0.412243 0.412243 0.412243
1335.748779 0.000000 2883.851074 0.000000 0.326428 0.000000 -0.945222 0.736788 0.736788 0.736788
1336.351074 0.000000 2887.490234 0.000000 0.642357 0.000000 0.766406 0.545870 0.545870 0.545870
1287.927734 0.000000 2880.634766 0.000000 0.672782 0.000000 -0.739841 0.723287 0.723287 0.723287
1328.900635 0.000000 2885.048828 0.000000 0.155620 0.000000 -0.987817 0.974395 0.974395 0.974395
1294.251221 0.000000 2880.864990 0.000000 0.342347 0.000000 -0.939574 1.069263 1.069263 1.069263
1289.505615 0.000000 2883.277344 0.000000 0.881220 0.000000 -0.472706 0.750766 0.750766 0.750766
1333.565918 0.000000 2882.339844 0.000000 0.491666 0.000000 0.870784 0.578109 0.578109 0.578109
1292.123047 0.000000 2882.338623 0.000000 0.748916 0.000000 0.662665 0.502520 0.502520 0.502520
1327.546143 0.000000 2883.201904 0.000000 0.637047 0.000000 -0.770825 0.876883 0.876883 0.876883
1334.177002 0.000000 2888.319092 0.000000 0.437176 0.000000 -0.899376 0.897394 0.897394 0.897394
1333.662964 0.000000 2884.605713 0.000000 0.228765 0.000000 0.973482 0.238677 0.238677 0.238677
1331.062988 0.000000 2885.042725 0.000000 0.837144 0.000000 -0.546982 0.904307 0.904307 0.904307
1329.071289 0.000000 2881.902832 0.000000 0.099365 0.000000 -0.995051 0.998255 0.998255 0.998255
1334.713013 0.000000 2886.360840 0.000000 0.204080 0.000000 -0.978954 1.296482 1.296482 1.296482
1296.352417 0.000000 2881.135986 0.000000 0.931024 0.000000 -0.364959 0.731338 0.731338 0.731338
1289.717407 0.000000 2881.301270 0.000000 0.457613 0.000000 0.889151 0.493239 0.493239 0.493239
1293.065430 0.000000 2879.391357 0.000000 0.444677 0.000000 -0.895691 0.829966 0.829966 0.829966
1294.626099 0.000000 2882.711914 0.000000 0.875919 0.000000 -0.482458 0.755430 0.755430 0.755430
1335.803223 0.000000 2889.286133 0.000000 0.672241 0.000000 -0.740333 0.847129 0.847129 0.847129
1332.251099 0.000000 2883.836182 0.000000 0.658744 0.000000 0.752367 0.601770 0.601770 0.601770
1293.008667 0.000000 2883.714844 0.000000 0.244918 0.000000 -0.969544 1.060779 1.060779 1.060779
1329.694458 0.000000 2883.650879 0.000000 0.411983 0.000000 0.911192 0.233296 0.233296 0.233296
1291.113525 0.000000 2883.560791 0.000000 0.657090 0.000000 -0.753812 0.888013 0.888013 0.888013
1292.758911 0.000000 2880.861328 0.000000 0.876094 0.000000 -0.482140 0.874961 0.874961 0.874961
1335.919678 0.000000 2885.344238 0.000000 0.603094 0.000000 0.797670 0.535397 0.535397 0.535397
1290.731201 0.000000 2882.238770 0.000000 0.982010 0.000000 0.188828 0.658170 0.658170 0.658170
1293.448486 0.000000 2882.041748 0.000000 0.936546 0.000000 -0.350545 0.797641 0.797641 0.797641
1332.386841 0.000000 2885.280273 0.000000 0.344752 0.000000 0.938694 0.280392 0.280392 0.280392
1329.929077 0.000000 2885.902100 0.000000 0.996303 0.000000 -0.085909 0.716685 0.716685 0.716685
1326.959229 0.000000 2882.041016 0.000000 0.992651 0.000000 -0.121016 0.724381 0.724381 0.724381
1295.255859 0.000000 2881.663330 0.000000 0.738233 0.000000 0.674545 0.476169 0.476169 0.476169
1291.579712 0.000000 2881.233154 0.000000 0.883327 0.000000 0.468757 0.537150 0.537150 0.537150
1326.330688 0.000000 2883.386963 0.000000 0.129006 0.000000 -0.991644 0.989687 0.989687 0.989687
1333.622437 0.000000 2885.774170 0.000000 0.373869 0.000000 0.927482 0.291133 0.291133 0.291133
1328.435425 0.000000 2883.976562 0.000000 0.926406 0.000000 -0.376526 0.857192 0.857192 0.857192
1290.055664 0.000000 2880.179443 0.000000 0.949177 0.000000 -0.314742 0.806874 0.806874 0.806874
1333.830444 0.000000 2887.159668 0.000000 0.878224 0.000000 -0.478250 0.838561 0.838561 0.838561
1335.209717 0.000000 2887.625732 0.000000 0.817085 0.000000 -0.576517 0.968455 0.968455 0.968455
1328.694092 0.000000 2882.942871 0.000000 0.731144 0.000000 0.682223 0.394285 0.394285 0.394285
1290.645508 0.000000 2881.035156 0.000000 0.178291 0.000000 -0.983978 1.164482 1.164482 1.164482
1329.591309 0.000000 2882.715576 0.000000 0.916784 0.000000 0.399383 0.532710 0.532710 0.532710
1335.567261 0.000000 2886.733398 0.000000 0.409908 0.000000 -0.912127 1.201750 1.201750 1.201750
1331.579712 0.000000 2885.779297 0.000000 0.995003 0.000000 -0.099841 0.735304 0.735304 0.735304
1360.902466 0.000000 3024.683105 0.000000 0.878887 0.000000 0.477031 0.673060 0.673060 0.673060
1360.041870 0.000000 3033.853271 0.000000 0.779870 0.000000 -0.625941 0.730731 0.730731 0.730731
1352.637451 0.000000 3027.593750 0.000000 0.092232 0.000000 -0.995737 0.999707 0.999707 0.999707
1355.693848 0.000000 3022.694336 0.000000 0.908420 0.000000 0.418059 0.687186 0.687186 0.687186
1349.197021 0.000000 3031.592041 0.000000 0.733639 0.000000 -0.679539 0.714362 0.714362 0.714362
1355.007690 0.000000 3032.336670 0.000000 0.095101 0.000000 0.995468 0.349304 0.349304 0.349304
1363.711792 0.000000 3028.744385 0.000000 0.774682 0.000000 -0.632352 0.729909 0.729909 0.729909
1357.434082 0.000000 3028.049072 0.000000 0.323131 0.000000 -0.946354 1.216479 1.216479 1.216479
1388.376953 0.000000 3070.031006 0.000000 0.679880 0.000000 -0.733324 0.809334 0.809334 0.809334
1360.444580 0.000000 3030.285889 0.000000 0.468919 0.000000 0.883241 0.559980 0.559980 0.559980
1391.544189 0.000000 3069.466797 0.000000 0.421340 0.000000 0.906903 0.652359 0.652359 0.652359
1352.983276 0.000000 3024.463623 0.000000 0.500144 0.000000 0.865942 0.630469 0.630469 0.630469
1351.838257 0.000000 3033.387451 0.000000 0.952077 0.000000 -0.305857 0.714667 0.714667 0.714667
1357.754150 0.000000 3024.850342 0.000000 0.053847 0.000000 0.998549 0.426952 0.426952 0.426952
1357.878784 0.000000 3031.828613 0.000000 0.972978 0.000000 -0.230896 0.783473 0.783473 0.783473
1352.443604 0.000000 3030.573975 0.000000 0.394468 0.000000 0.918910 0.366018 0.366018 0.366018
1355.053223 0.000000 3029.522949 0.000000 0.841478 0.000000 -0.540291 0.937403 0.937403 0.937403
1360.877563 0.000000 3027.502930 0.000000 0.703108 0.000000 -0.711083 0.809210 0.809210 0.809210
1355.232544 0.000000 3026.061035 0.000000 0.344774 0.000000 -0.938686 1.079131 1.079131 1.079131
1354.353271 0.000000 3035.102295 0.000000 0.992963 0.000000 0.118428 0.691287 0.691287 0.691287
1357.015137 0.000000 3034.331543 0.000000 0.617820 0.000000 0.786320 0.647818 0.647818 0.647818
1358.956543 0.000000 3026.614258 0.000000 0.928696 0.000000 -0.370843 0.807558 0.807558 0.807558
1390.218872 0.000000 3070.923096 0.000000 0.983660 0.000000 0.180039 0.669313 0.669313 0.669313
1358.529541 0.000000 3029.858643 0.000000 0.872577 0.000000 -0.488477 0.873914 0.873914 0.873914
1354.456421 0.000000 3027.742676 0.000000 0.572140 0.000000 0.820156 0.400849 0.400849 0.400849
1356.760864 0.000000 3030.346924 0.000000 0.663147 0.000000 0.748489 0.396995 0.396995 0.396995
1350.491821 0.000000 3030.394531 0.000000 0.420737 0.000000 -0.907183 0.837048 0.837048 0.837048
1353.130127 0.000000 3032.196045 0.000000 1.000000 0.000000 -0.000200 0.700034 0.700034 0.700034
1356.106323 0.000000 3024.366455 0.000000 0.539117 0.000000 -0.842231 0.880254 0.880254 0.880254
1351.743774 0.000000 3029.036377 0.000000 0.442749 0.000000 0.896645 0.558121 0.558121 0.558121
1392.039185 0.000000 3071.103516 0.000000 0.330520 0.000000 -0.943799 0.855262 0.855262 0.855262
1357.004150 0.000000 3026.388428 0.000000 0.709104 0.000000 -0.705104 0.970786 0.970786 0.970786
1359.327759 0.000000 3028.385498 0.000000 0.286659 0.000000 -0.958033 1.136217 1.136217 1.136217
1353.519409 0.000000 3026.105469 0.000000 0.770066 0.000000 0.637964 0.559748 0.559748 0.559748
1353.420654 0.000000 3029.174316 0.000000 0.988292 0.000000 -0.152574 0.745773 0.745773 0.745773
1354.179199 0.000000 3030.892578 0.000000 0.995542 0.000000 0.094318 0.662363 0.662363 0.662363
1358.415649 0.000000 3033.562500 0.000000 0.997411 0.000000 0.071913 0.691195 0.691195 0.691195
1355.401733 0.000000 3033.874512 0.000000 0.752825 0.000000 -0.658221 0.870756 0.870756 0.870756
1353.817749 0.000000 3033.603271 0.000000 0.942402 0.000000 -0.334481 0.757218 0.757218 0.757218
1356.699219 0.000000 3032.810059 0.000000 0.059926 0.000000 -0.998203 1.022118 1.022118 1.022118
1359.385864 0.000000 3031.398438 0.000000 0.432358 0.000000 -0.901702 1.002416 1.002416 1.002416
1355.964355 0.000000 3028.296143 0.000000 0.056199 0.000000 -0.998420 1.329947 1.329947 1.329947
1361.551880 0.000000 3026.063232 0.000000 0.994141 0.000000 0.108090 0.685048 0.685048 0.685048
1360.824463 0.000000 3028.913574 0.000000 0.875807 0.000000 -0.482662 0.788024 0.788024 0.788024
1355.522217 0.000000 3031.017578 0.000000 0.992658 0.000000 0.120954 0.651688 0.651688 0.651688
1356.886475 0.000000 3029.136475 0.000000 0.792130 0.000000 0.610352 0.426943 0.426943 0.426943
1355.928833 0.000000 3027.031494 0.000000 0.901399 0.000000 0.432990 0.560701 0.560701 0.560701
1356.592407 0.000000 3031.512207 0.000000 0.012728 0.000000 0.999919 0.141815 0.141815 0.141815
1358.492310 0.000000 3027.663330 0.000000 0.881113 0.000000 0.472906 0.560545 0.560545 0.560545
1359.757324 0.000000 3029.394775 0.000000 0.288726 0.000000 0.957412 0.264519 0.264519 0.264519
1359.799927 0.000000 3027.375977 0.000000 0.900312 0.000000 0.435245 0.572513 0.572513 0.572513
1357.837280 0.000000 3030.714111 0.000000 0.733460 0.000000 -0.679733 0.967759 0.967759 0.967759
1358.300903 0.000000 3028.743896 0.000000 0.315110 0.000000 0.949055 0.273950 0.273950 0.273950
1354.379028 0.000000 3026.720947 0.000000 0.271910 0.000000 0.962323 0.297034 0.297034 0.297034
1353.499023 0.000000 3028.182861 0.000000 0.223084 0.000000 0.974799 0.297820 0.297820 0.297820
1356.039185 0.000000 3029.653320 0.000000 0.281379 0.000000 -0.959597 1.234699 1.234699 1.234699
1354.083984 0.000000 3031.961670 0.000000 0.481492 0.000000 -0.876450 1.125719 1.125719 1.125719
1354.378906 0.000000 3028.741943 0.000000 0.374463 0.000000 -0.927242 1.193694 1.193694 1.193694
1357.687256 0.000000 3027.128174 0.000000 0.426602 0.000000 -0.904440 1.091027 1.091027 1.091027
1356.791748 0.000000 3027.367676 0.000000 0.978116 0.000000 -0.208062 0.772524 0.772524 0.772524
1357.549561 0.000000 3029.841553 0.000000 0.573507 0.000000 -0.819201 1.099295 1.099295 1.099295
1355.837891 0.000000 3031.995117 0.000000 0.406174 0.000000 -0.913796 1.159226 1.159226 1.159226
1354.903564 0.000000 3030.393311 0.000000 0.438412 0.000000 -0.898774 1.145054 1.145054 1.145054
1354.187744 0.000000 3029.766602 0.000000 0.786044 0.000000 0.618170 0.422822 0.422822 0.422822
1496.835693 0.000000 2965.613525 0.000000 0.683160 0.000000 -0.730269 0.877416 0.877416 0.877416
1521.579102 0.000000 2956.762939 0.000000 0.798030 0.000000 -0.602618 0.854851 0.854851 0.854851
1513.361938 0.000000 2959.693359 0.000000 0.769182 0.000000 -0.639030 0.764209 0.764209 0.764209
1493.322876 0.000000 2969.545410 0.000000 0.995964 0.000000 0.089758 0.672984 0.672984 0.672984
1491.696167 0.000000 2964.760010 0.000000 0.584571 0.000000 -0.811342 0.719848 0.719848 0.719848
1518.393311 0.000000 2960.612061 0.000000 0.013073 0.000000 -0.999915 0.833390 0.833390 0.833390
1516.453979 0.000000 2955.939697 0.000000 0.272662 0.000000 -0.962110 0.801812 0.801812 0.801812
1512.055176 0.000000 2955.316162 0.000000 0.639104 0.000000 0.769120 0.684666 0.684666 0.684666
1497.105713 0.000000 2961.233643 0.000000 0.365528 0.000000 -0.930800 0.723003 0.723003 0.723003
1515.529663 0.000000 2961.958252 0.000000 0.008284 0.000000 0.999966 0.577122 0.577122 0.577122
1494.808228 0.000000 2963.318848 0.000000 0.873444 0.000000 -0.486925 0.800430 0.800430 0.800430
1490.657593 0.000000 2968.172119 0.000000 0.987675 0.000000 -0.156520 0.715656 0.715656 0.715656
1494.065674 0.000000 2966.482910 0.000000 0.951589 0.000000 -0.307374 0.801556 0.801556 0.801556
1519.290527 0.000000 2955.056152 0.000000 0.330413 0.000000 0.943836 0.626675 0.626675 0.626675
1521.426636 0.000000 2959.578857 0.000000 0.942325 0.000000 -0.334699 0.783499 0.783499 0.783499
1499.550903 0.000000 2964.700439 0.000000 0.582670 0.000000 -0.812709 0.739794 0.739794 0.739794
1516.059692 0.000000 2958.816406 0.000000 0.809840 0.000000 0.586651 0.518132 0.518132 0.518132
1518.909546 0.000000 2957.916016 0.000000 0.982255 0.000000 -0.187553 0.746160 0.746160 0.746160
1514.083130 0.000000 2957.000977 0.000000 0.177184 0.000000 -0.984178 1.145387 1.145387 1.145387
1523.723022 0.000000 2959.810059 0.000000 0.329590 0.000000 0.944124 0.611516 0.611516 0.611516
1497.540161 0.000000 2963.520264 0.000000 0.362808 0.000000 -0.931864 0.844642 0.844642 0.844642
1492.047974 0.000000 2966.625000 0.000000 0.676751 0.000000 -0.736212 0.961735 0.961735 0.961735
1493.509766 0.000000 2964.789062 0.000000 0.773442 0.000000 0.633867 0.594418 0.594418 0.594418
1494.592773 0.000000 2968.239014 0.000000 0.671798 0.000000 -0.740734 0.809333 0.809333 0.809333
1495.245728 0.000000 2964.977539 0.000000 0.345538 0.000000 0.938405 0.208310 0.208310 0.208310
1518.271606 0.000000 2956.376465 0.000000 0.526920 0.000000 0.849915 0.451467 0.451467 0.451467
1495.777832 0.000000 2967.002441 0.000000 0.480763 0.000000 0.876850 0.352433 0.352433 0.352433
1519.830688 0.000000 2959.255127 0.000000 0.657963 0.000000 -0.753050 0.942893 0.942893 0.942893
1517.695679 0.000000 2959.072021 0.000000 0.193211 0.000000 -0.981157 1.099281 1.099281 1.099281
1517.142090 0.000000 2957.531738 0.000000 0.238627 0.000000 0.971111 0.323510 0.323510 0.323510
1494.900513 0.000000 2969.800049 0.000000 0.335837 0.000000 0.941920 0.539008 0.539008 0.539008
1492.350464 0.000000 2968.275391 0.000000 0.914434 0.000000 -0.404736 0.825251 0.825251 0.825251
1514.469849 0.000000 2958.528809 0.000000 0.455835 0.000000 0.890064 0.387374 0.387374 0.387374
1496.167236 0.000000 2962.562500 0.000000 0.999459 0.000000 -0.032894 0.703967 0.703967 0.703967
1519.879028 0.000000 2956.639893 0.000000 0.219614 0.000000 0.975587 0.369859 0.369859 0.369859
1515.569214 0.000000 2957.357910 0.000000 0.951871 0.000000 0.306500 0.600376 0.600376 0.600376
1520.890503 0.000000 2958.080322 0.000000 0.863564 0.000000 -0.504239 0.829304 0.829304 0.829304
1493.463989 0.000000 2967.617188 0.000000 0.461737 0.000000 -0.887017 1.045048 1.045048 1.045048
1518.749023 0.000000 2959.571777 0.000000 0.881438 0.000000 -0.472299 0.840120 0.840120 0.840120
1495.205444 0.000000 2966.083008 0.000000 0.133997 0.000000 -0.990982 1.166901 1.166901 1.166901
1494.315186 0.000000 2965.459961 0.000000 0.842303 0.000000 0.539005 0.470196 0.470196 0.470196
1515.457764 0.000000 2956.324951 0.000000 0.997352 0.000000 0.072731 0.676719 0.676719 0.676719
1494.812256 0.000000 2967.243164 0.000000 0.921037 0.000000 -0.389475 0.830040 0.830040 0.830040
1495.599609 0.000000 2967.985107 0.000000 0.593838 0.000000 -0.804585 1.003914 1.003914 1.003914
1494.578613 0.000000 2964.318604 0.000000 0.672371 0.000000 -0.740214 1.036432 1.036432 1.036432
1495.991699 0.000000 2965.755859 0.000000 0.022264 0.000000 -0.999752 1.325129 1.325129 1.325129
1616.871216 0.000000 2832.729980 0.000000 0.510163 0.000000 -0.860078 0.705428 0.705428 0.705428
1608.606201 0.000000 2835.640625 0.000000 0.876798 0.000000 -0.480858 0.742079 0.742079 0.742079
1615.387939 0.000000 2848.261475 0.000000 0.679781 0.000000 -0.733415 0.792086 0.792086 0.792086
1611.662598 0.000000 2830.741211 0.000000 0.863409 0.000000 0.504505 0.631614 0.631614 0.631614
1614.544189 0.000000 2826.477539 0.000000 0.387334 0.000000 -0.921939 0.788151 0.788151 0.788151
1610.976440 0.000000 2840.383545 0.000000 0.104024 0.000000 0.994575 0.123330 0.123330 0.123330
1613.402832 0.000000 2836.095947 0.000000 0.311582 0.000000 0.950219 0.432654 0.432654 0.432654
1612.410767 0.000000 2844.946289 0.000000 0.164736 0.000000 0.986338 0.383190 0.383190 0.383190
1611.588135 0.000000 2848.479980 0.000000 0.172266 0.000000 0.985051 0.416665 0.416665 0.416665
1614.960571 0.000000 2829.941895 0.000000 0.454184 0.000000 0.890908 0.423349 0.423349 0.423349
1608.952026 0.000000 2832.510498 0.000000 0.658725 0.000000 0.752384 0.668744 0.668744 0.668744
1613.722900 0.000000 2832.897217 0.000000 0.819766 0.000000 0.572698 0.467685 0.467685 0.467685
1613.847534 0.000000 2839.875488 0.000000 0.159693 0.000000 -0.987167 0.961271 0.961271 0.961271
1615.776001 0.000000 2845.442139 0.000000 0.872036 0.000000 0.489442 0.680336 0.680336 0.680336
1608.412354 0.000000 2838.620850 0.000000 0.197397 0.000000 0.980324 0.474602 0.474602 0.474602
1612.974243 0.000000 2850.915527 0.000000 0.998887 0.000000 0.047171 0.694887 0.694887 0.694887
1611.021973 0.000000 2837.569824 0.000000 0.980570 0.000000 0.196172 0.632367 0.632367 0.632367
1611.201294 0.000000 2834.107910 0.000000 0.978498 0.000000 0.206255 0.641185 0.641185 0.641185
1610.322021 0.000000 2843.149170 0.000000 0.661677 0.000000 -0.749789 1.025931 1.025931 1.025931
1612.983887 0.000000 2842.378418 0.000000 0.921701 0.000000 0.387901 0.622727 0.622727 0.622727
1609.604248 0.000000 2846.726562 0.000000 0.116921 0.000000 -0.993141 0.862579 0.862579 0.862579
1610.199951 0.000000 2850.776367 0.000000 0.288526 0.000000 -0.957472 0.764775 0.764775 0.764775
1613.611694 0.000000 2846.831299 0.000000 0.678914 0.000000 0.734218 0.476659 0.476659 0.476659
1614.925293 0.000000 2834.661133 0.000000 0.890298 0.000000 -0.455378 0.739660 0.739660 0.739660
1613.663696 0.000000 2828.344238 0.000000 0.292935 0.000000 0.956132 0.323882 0.323882 0.323882
1613.458008 0.000000 2848.912354 0.000000 0.660025 0.000000 -0.751244 0.976275 0.976275 0.976275
1611.504150 0.000000 2846.621826 0.000000 0.990771 0.000000 -0.135548 0.746335 0.746335 0.746335
1610.045654 0.000000 2844.952393 0.000000 0.362139 0.000000 -0.932124 1.138380 1.138380 1.138380
1610.425171 0.000000 2835.789551 0.000000 0.011593 0.000000 -0.999933 1.141424 1.141424 1.141424
1612.729614 0.000000 2838.393799 0.000000 0.851541 0.000000 -0.524288 0.802232 0.802232 0.802232
1615.298706 0.000000 2831.882324 0.000000 0.999364 0.000000 0.035649 0.692585 0.692585 0.692585
1612.535767 0.000000 2826.005371 0.000000 0.293939 0.000000 -0.955824 0.824528 0.824528 0.824528
1613.460938 0.000000 2830.917725 0.000000 0.879011 0.000000 0.476802 0.524549 0.524549 0.524549
1609.098877 0.000000 2840.242920 0.000000 0.961576 0.000000 0.274539 0.657716 0.657716 0.657716
1612.075073 0.000000 2832.413330 0.000000 0.600853 0.000000 0.799360 0.347132 0.347132 0.347132
1612.972900 0.000000 2834.435303 0.000000 0.967278 0.000000 0.253720 0.628272 0.628272 0.628272
1609.389404 0.000000 2837.221191 0.000000 0.968728 0.000000 -0.248124 0.730674 0.730674 0.730674
1608.593750 0.000000 2842.905273 0.000000 0.741019 0.000000 -0.671484 0.808073 0.808073 0.808073
1610.147949 0.000000 2838.939453 0.000000 0.469354 0.000000 -0.883010 1.150129 1.150129 1.150129
1610.462646 0.000000 2831.956787 0.000000 0.777659 0.000000 -0.628687 0.787921 0.787921 0.787921
1611.370483 0.000000 2841.921387 0.000000 0.995131 0.000000 -0.098557 0.738816 0.738816 0.738816
1612.484131 0.000000 2829.404541 0.000000 0.277431 0.000000 0.960746 0.319105 0.319105 0.319105
1609.786499 0.000000 2841.650146 0.000000 0.968170 0.000000 0.250292 0.661537 0.661537 0.661537
1612.667969 0.000000 2840.856934 0.000000 0.999613 0.000000 -0.027829 0.704475 0.704475 0.704475
1611.795776 0.000000 2843.519043 0.000000 0.640215 0.000000 -0.768196 1.036801 1.036801 1.036801
1611.933105 0.000000 2836.343018 0.000000 0.426988 0.000000 -0.904257 1.086931 1.086931 1.086931
1615.015747 0.000000 2828.547119 0.000000 0.889880 0.000000 0.456194 0.580789 0.580789 0.580789
1611.490967 0.000000 2839.064453 0.000000 0.135114 0.000000 0.990830 0.103036 0.103036 0.103036
1612.485840 0.000000 2847.520020 0.000000 0.279587 0.000000 0.960120 0.351266 0.351266 0.351266
1610.562012 0.000000 2847.602783 0.000000 0.504630 0.000000 -0.863336 1.055038 1.055038 1.055038
1610.629761 0.000000 2849.276123 0.000000 0.708287 0.000000 0.705925 0.541123 0.541123 0.541123
1613.062744 0.000000 2843.757324 0.000000 0.402329 0.000000 -0.915495 0.924386 0.924386 0.924386
1612.855225 0.000000 2837.183350 0.000000 0.947768 0.000000 -0.318961 0.769213 0.769213 0.769213
1611.213623 0.000000 2844.622070 0.000000 0.082956 0.000000 0.996553 0.156608 0.156608 0.156608
1610.063354 0.000000 2833.092041 0.000000 0.978867 0.000000 -0.204498 0.745709 0.745709 0.745709
1613.735962 0.000000 2829.764160 0.000000 0.846266 0.000000 -0.532760 0.865940 0.865940 0.865940
1611.897583 0.000000 2835.078369 0.000000 0.857539 0.000000 0.514418 0.547028 0.547028 0.547028
1612.631714 0.000000 2846.074219 0.000000 0.996091 0.000000 0.088332 0.676042 0.676042 0.676042
1610.560913 0.000000 2845.980225 0.000000 0.676963 0.000000 0.736017 0.397881 0.397881 0.397881
1612.414795 0.000000 2849.285156 0.000000 0.276955 0.000000 0.960883 0.280629 0.280629 0.280629
1612.289185 0.000000 2833.497314 0.000000 0.315687 0.000000 0.948864 0.223930 0.223930 0.223930
1612.547485 0.000000 2828.246338 0.000000 0.934818 0.000000 -0.355128 0.807224 0.807224 0.807224
1613.092163 0.000000 2831.911621 0.000000 0.627612 0.000000 0.778526 0.385003 0.385003 0.385003
1610.347778 0.000000 2834.767822 0.000000 0.848789 0.000000 -0.528731 0.857721 0.857721 0.857721
1611.571533 0.000000 2845.588135 0.000000 0.992680 0.000000 -0.120778 0.744221 0.744221 0.744221
1610.052734 0.000000 2840.008545 0.000000 0.999873 0.000000 -0.015952 0.706273 0.706273 0.706273
1610.347656 0.000000 2836.788818 0.000000 0.935675 0.000000 -0.352863 0.823525 0.823525 0.823525
1612.631104 0.000000 2830.328857 0.000000 0.665975 0.000000 0.745974 0.402765 0.402765 0.402765
1610.619385 0.000000 2841.260010 0.000000 0.815473 0.000000 -0.578795 0.942707 0.942707 0.942707
1611.724609 0.000000 2841.057617 0.000000 0.105173 0.000000 0.994454 0.123784 0.123784 0.123784
1610.458374 0.000000 2844.058350 0.000000 0.998218 0.000000 -0.059665 0.721805 0.721805 0.721805
1610.525513 0.000000 2842.196533 0.000000 0.420183 0.000000 0.907439 0.262802 0.262802 0.262802
1611.169556 0.000000 2842.800293 0.000000 0.361681 0.000000 0.932302 0.238359 0.238359 0.238359
1611.806641 0.000000 2840.041992 0.000000 0.440042 0.000000 -0.897977 1.138484 1.138484 1.138484
1610.872314 0.000000 2838.440186 0.000000 0.546208 0.000000 0.837650 0.287001 0.287001 0.287001
1610.749146 0.000000 2839.544678 0.000000 0.871256 0.000000 -0.490829 0.913386 0.913386 0.913386
1657.324463 0.000000 3005.615723 0.000000 0.944079 0.000000 0.329718 0.684146 0.684146 0.684146
1655.563232 0.000000 3006.010254 0.000000 0.991727 0.000000 0.128362 0.661760 0.661760 0.661760
1655.833008 0.000000 3007.248291 0.000000 0.933285 0.000000 0.359136 0.590867 0.590867 0.590867
1654.434692 0.000000 3006.475586 0.000000 0.998214 0.000000 -0.059737 0.717758 0.717758 0.717758
1654.857910 0.000000 3008.017822 0.000000 0.749526 0.000000 -0.661975 0.952858 0.952858 0.952858
1652.688965 0.000000 3014.568848 0.000000 0.372969 0.000000 -0.927844 0.830861 0.830861 0.830861
1654.500732 0.000000 3018.529541 0.000000 0.983665 0.000000 0.180011 0.686399 0.686399 0.686399
1655.709717 0.000000 3011.819824 0.000000 0.242435 0.000000 -0.970168 1.214409 1.214409 1.214409
1656.312012 0.000000 3015.458984 0.000000 0.883443 0.000000 0.468538 0.636938 0.636938 0.636938
1653.526855 0.000000 3010.308594 0.000000 0.787447 0.000000 -0.616382 0.806779 0.806779 0.806779
1654.137939 0.000000 3016.287842 0.000000 0.108690 0.000000 0.994076 0.286126 0.286126 0.286126
1653.623901 0.000000 3012.574463 0.000000 0.113366 0.000000 -0.993553 0.941923 0.941923 0.941923
1657.151489 0.000000 3007.336182 0.000000 0.933449 0.000000 -0.358711 0.770528 0.770528 0.770528
1657.331787 0.000000 3013.591797 0.000000 0.855582 0.000000 0.517667 0.600156 0.600156 0.600156
1654.673950 0.000000 3014.329590 0.000000 0.862644 0.000000 -0.505812 0.868675 0.868675 0.868675
1655.851318 0.000000 3009.826172 0.000000 0.941577 0.000000 -0.336797 0.820064 0.820064 0.820064
1655.764160 0.000000 3017.254883 0.000000 0.915326 0.000000 0.402714 0.582657 0.582657 0.582657
1653.211792 0.000000 3008.595703 0.000000 0.625817 0.000000 -0.779970 0.814130 0.814130 0.814130
1657.469482 0.000000 3016.766113 0.000000 0.999881 0.000000 0.015439 0.698327 0.698327 0.698327
1652.212036 0.000000 3011.804932 0.000000 0.261631 0.000000 0.965168 0.490011 0.490011 0.490011
1655.880615 0.000000 3013.312988 0.000000 0.558123 0.000000 -0.829758 1.110476 1.110476 1.110476
1657.282471 0.000000 3010.405029 0.000000 0.943264 0.000000 0.332045 0.649722 0.649722 0.649722
1654.528076 0.000000 3009.351318 0.000000 0.999422 0.000000 0.033985 0.688119 0.688119 0.688119
1656.994507 0.000000 3012.264648 0.000000 0.820511 0.000000 0.571631 0.588344 0.588344 0.588344
1652.347778 0.000000 3013.249023 0.000000 0.977581 0.000000 0.210562 0.664779 0.664779 0.664779
1654.431030 0.000000 3011.392822 0.000000 0.886405 0.000000 0.462910 0.513283 0.513283 0.513283
1654.884277 0.000000 3012.691162 0.000000 0.994322 0.000000 -0.106415 0.744717 0.744717 0.744717
1655.170654 0.000000 3015.594482 0.000000 0.104818 0.000000 -0.994491 1.166208 1.166208 1.166208
1654.892212 0.000000 3010.379639 0.000000 0.076211 0.000000 0.997092 0.120184 0.120184 0.120184
1655.778076 0.000000 3008.744873 0.000000 0.139487 0.000000 -0.990224 1.200107 1.200107 1.200107
1654.740967 0.000000 3017.259033 0.000000 0.456712 0.000000 0.889615 0.389571 0.389571 0.389571
1654.412720 0.000000 3013.448242 0.000000 0.584835 0.000000 0.811152 0.303178 0.303178 0.303178
1724.254517 0.000000 3051.075195 0.000000 0.702821 0.000000 -0.711367 0.716597 0.716597 0.716597
1694.495728 0.000000 3055.932861 0.000000 0.406359 0.000000 0.913713 0.633545 0.633545 0.633545
1697.464355 0.000000 3048.134277 0.000000 0.243234 0.000000 -0.969968 0.732420 0.732420 0.732420
1669.049683 0.000000 3045.297852 0.000000 0.380167 0.000000 0.924918 0.631902 0.631902 0.631902
1720.490967 0.000000 3046.861816 0.000000 0.526642 0.000000 -0.850087 0.794118 0.794118 0.794118
1671.963501 0.000000 3041.448975 0.000000 0.871528 0.000000 -0.490346 0.814638 0.814638 0.814638
1694.523315 0.000000 3051.459717 0.000000 0.395025 0.000000 0.918670 0.286811 0.286811 0.286811
1720.085083 0.000000 3051.023682 0.000000 0.975887 0.000000 0.218276 0.678081 0.678081 0.678081
1668.213623 0.000000 3040.282715 0.000000 0.869428 0.000000 0.494060 0.547381 0.547381 0.547381
1666.259277 0.000000 3043.962646 0.000000 0.999075 0.000000 0.043002 0.697670 0.697670 0.697670
1671.811157 0.000000 3044.358887 0.000000 0.339896 0.000000 -0.940463 0.890373 0.890373 0.890373
1722.212891 0.000000 3049.151611 0.000000 0.773841 0.000000 0.633380 0.473447 0.473447 0.473447
1669.542114 0.000000 3042.646240 0.000000 0.773261 0.000000 -0.634087 0.847635 0.847635 0.847635
1669.726318 0.000000 3038.002686 0.000000 0.457281 0.000000 0.889322 0.594669 0.594669 0.594669
1718.387573 0.000000 3049.025635 0.000000 0.320764 0.000000 0.947159 0.608673 0.608673 0.608673
1692.973389 0.000000 3053.569092 0.000000 0.539635 0.000000 -0.841899 0.778704 0.778704 0.778704
1695.281860 0.000000 3053.759033 0.000000 0.156144 0.000000 0.987734 0.329335 0.329335 0.329335
1695.606812 0.000000 3049.487305 0.000000 0.829292 0.000000 -0.558816 0.771501 0.771501 0.771501
1724.595459 0.000000 3048.942139 0.000000 0.516750 0.000000 -0.856136 0.807764 0.807764 0.807764
1666.826294 0.000000 3041.939697 0.000000 0.331760 0.000000 -0.943364 0.814168 0.814168 0.814168
1696.553955 0.000000 3052.094971 0.000000 0.868762 0.000000 -0.495230 0.743460 0.743460 0.743460
1670.092163 0.000000 3040.830566 0.000000 0.546524 0.000000 -0.837444 0.922033 0.922033 0.922033
1722.281738 0.000000 3051.000732 0.000000 0.906535 0.000000 0.422130 0.645166 0.645166 0.645166
1720.470215 0.000000 3048.768311 0.000000 0.685415 0.000000 -0.728153 0.933761 0.933761 0.933761
1668.088257 0.000000 3043.753418 0.000000 0.969695 0.000000 0.244318 0.646946 0.646946 0.646946
1722.199463 0.000000 3047.377441 0.000000 0.828173 0.000000 0.560473 0.630338 0.630338 0.630338
1670.748413 0.000000 3045.582520 0.000000 0.795495 0.000000 0.605960 0.598751 0.598751 0.598751
1672.611450 0.000000 3042.968018 0.000000 0.583308 0.000000 0.812251 0.552553 0.552553 0.552553
1670.079834 0.000000 3044.128174 0.000000 0.997409 0.000000 -0.071939 0.711199 0.711199 0.711199
1671.089355 0.000000 3042.661621 0.000000 0.514143 0.000000 -0.857704 1.116121 1.116121 1.116121
1668.294678 0.000000 3041.868652 0.000000 0.974599 0.000000 -0.223959 0.766710 0.766710 0.766710
1723.493042 0.000000 3049.856934 0.000000 0.527114 0.000000 -0.849794 1.035444 1.035444 1.035444
1723.346924 0.000000 3048.365723 0.000000 0.915214 0.000000 0.402968 0.563008 0.563008 0.563008
1694.274902 0.000000 3052.849365 0.000000 0.886779 0.000000 0.462193 0.574052 0.574052 0.574052
1694.407471 0.000000 3050.014648 0.000000 0.787765 0.000000 -0.615976 0.935427 0.935427 0.935427
1695.415039 0.000000 3052.465088 0.000000 0.999252 0.000000 -0.038660 0.710137 0.710137 0.710137
1671.169312 0.000000 3040.476074 0.000000 0.995205 0.000000 0.097814 0.678085 0.678085 0.678085
1669.067139 0.000000 3041.123535 0.000000 0.751649 0.000000 0.659563 0.487284 0.487284 0.487284
1695.265137 0.000000 3050.638428 0.000000 0.740882 0.000000 -0.671635 0.961250 0.961250 0.961250
1670.992310 0.000000 3043.682373 0.000000 0.319761 0.000000 0.947498 0.197275 0.197275 0.197275
1695.655029 0.000000 3051.558594 0.000000 0.702731 0.000000 -0.711456 0.980816 0.980816 0.980816
1671.827637 0.000000 3043.376953 0.000000 0.589378 0.000000 -0.807857 1.079675 1.079675 1.079675
1671.933838 0.000000 3042.399902 0.000000 0.962507 0.000000 -0.271257 0.810894 0.810894 0.810894
1670.242188 0.000000 3043.215332 0.000000 0.841137 0.000000 -0.540822 0.930675 0.930675 0.930675
1386.821167 0.000000 3079.196533 0.000000 0.686213 0.000000 -0.727400 0.741280 0.741280 0.741280
1391.385986 0.000000 3072.678223 0.000000 0.894507 0.000000 0.447054 0.543679 0.543679 0.543679
1385.270874 0.000000 3073.321289 0.000000 0.986697 0.000000 0.162568 0.695719 0.695719 0.695719
1391.689087 0.000000 3080.124268 0.000000 0.478585 0.000000 0.878041 0.656921 0.656921 0.656921
1395.055420 0.000000 3074.699219 0.000000 0.714143 0.000000 0.700000 0.573978 0.573978 0.573978
1389.359619 0.000000 3076.176025 0.000000 0.967891 0.000000 0.251369 0.629396 0.629396 0.629396
1388.151855 0.000000 3071.402832 0.000000 0.373311 0.000000 0.927706 0.542185 0.542185 0.542185
1384.504639 0.000000 3076.539307 0.000000 0.953125 0.000000 0.302578 0.691942 0.691942 0.691942
1392.892822 0.000000 3077.001953 0.000000 0.771701 0.000000 -0.635985 0.884301 0.884301 0.884301
1387.778564 0.000000 3073.960205 0.000000 0.532330 0.000000 -0.846537 0.835835 0.835835 0.835835
1389.440674 0.000000 3078.670654 0.000000 0.999267 0.000000 0.038288 0.694980 0.694980 0.694980
1393.984375 0.000000 3079.179443 0.000000 0.202051 0.000000 0.979375 0.530342 0.530342 0.530342
1391.538330 0.000000 3075.155029 0.000000 0.213158 0.000000 0.977018 0.136010 0.136010 0.136010
1393.524170 0.000000 3071.909424 0.000000 0.977672 0.000000 -0.210139 0.726640 0.726640 0.726640
1387.027832 0.000000 3076.159912 0.000000 0.536914 0.000000 -0.843637 0.835105 0.835105 0.835105
1395.055176 0.000000 3076.995850 0.000000 0.184143 0.000000 0.982899 0.530499 0.530499 0.530499
1393.063477 0.000000 3073.855957 0.000000 0.981737 0.000000 0.190242 0.648821 0.648821 0.648821
1389.700684 0.000000 3074.258789 0.000000 0.996486 0.000000 0.083757 0.671277 0.671277 0.671277
1391.017456 0.000000 3077.133545 0.000000 0.503877 0.000000 0.863776 0.350131 0.350131 0.350131
1389.555176 0.000000 3072.479980 0.000000 0.681131 0.000000 -0.732162 0.928264 0.928264 0.928264
1387.951660 0.000000 3077.647461 0.000000 0.949051 0.000000 -0.315122 0.743139 0.743139 0.743139
1392.327026 0.000000 3078.585205 0.000000 0.952773 0.000000 -0.303683 0.738285 0.738285 0.738285
1394.889648 0.000000 3073.062500 0.000000 0.940324 0.000000 0.340281 0.657525 0.657525 0.657525
1393.686646 0.000000 3075.604004 0.000000 0.961772 0.000000 -0.273853 0.791622 0.791622 0.791622
1390.644897 0.000000 3071.315674 0.000000 0.548800 0.000000 -0.835954 0.867798 0.867798 0.867798
1390.900391 0.000000 3078.780518 0.000000 0.873496 0.000000 -0.486831 0.786192 0.786192 0.786192
1388.291748 0.000000 3075.345703 0.000000 0.397735 0.000000 0.917500 0.302070 0.302070 0.302070
1393.921265 0.000000 3077.855225 0.000000 0.269668 0.000000 -0.962953 1.046992 1.046992 1.046992
1390.951416 0.000000 3073.994141 0.000000 0.312310 0.000000 -0.949980 1.122675 1.122675 1.122675
1389.663208 0.000000 3077.418945 0.000000 0.656707 0.000000 0.754146 0.462605 0.462605 0.462605
1390.322876 0.000000 3075.340088 0.000000 0.888763 0.000000 0.458367 0.501955 0.501955 0.501955
1388.515869 0.000000 3073.016846 0.000000 0.110158 0.000000 0.993914 0.294201 0.294201 0.294201
1392.427612 0.000000 3075.929688 0.000000 0.770713 0.000000 -0.637183 0.928179 0.928179 0.928179
1388.214600 0.000000 3076.520020 0.000000 0.882098 0.000000 0.471065 0.563707 0.563707 0.563707
1392.689087 0.000000 3072.728516 0.000000 0.851175 0.000000 -0.524881 0.847748 0.847748 0.847748
1393.958862 0.000000 3076.683594 0.000000 0.380511 0.000000 0.924777 0.384371 0.384371 0.384371
1391.969849 0.000000 3073.601318 0.000000 0.018743 0.000000 0.999824 0.176518 0.176518 0.176518
1392.686279 0.000000 3074.895996 0.000000 0.496066 0.000000 -0.868285 1.047381 1.047381 1.047381
1391.913086 0.000000 3077.621582 0.000000 0.862548 0.000000 -0.505976 0.878006 0.878006 0.878006
1390.416626 0.000000 3073.045898 0.000000 0.595983 0.000000 0.802997 0.385548 0.385548 0.385548
1391.191650 0.000000 3076.122559 0.000000 0.039376 0.000000 0.999224 0.186157 0.186157 0.186157
1390.287109 0.000000 3076.485107 0.000000 0.459582 0.000000 -0.888135 1.066832 1.066832 1.066832
1389.271973 0.000000 3075.176270 0.000000 0.979729 0.000000 0.200326 0.630915 0.630915 0.630915
1388.705688 0.000000 3074.347900 0.000000 0.220995 0.000000 -0.975275 1.161713 1.161713 1.161713
1393.583496 0.000000 3074.668701 0.000000 0.937751 0.000000 0.347309 0.582845 0.582845 0.582845
1390.549805 0.000000 3077.922119 0.000000 0.596464 0.000000 -0.802640 1.012622 1.012622 1.012622
1701.223999 0.000000 3076.994141 0.000000 0.621777 0.000000 0.783195 0.649682 0.649682 0.649682
1696.492065 0.000000 3077.295166 0.000000 0.487951 0.000000 0.872871 0.555366 0.555366 0.555366
1698.777466 0.000000 3074.955811 0.000000 0.573366 0.000000 0.819299 0.396281 0.396281 0.396281
1698.995117 0.000000 3079.136230 0.000000 0.767953 0.000000 -0.640506 0.730371 0.730371 0.730371
1696.372559 0.000000 3073.055420 0.000000 0.998950 0.000000 0.045810 0.697357 0.697357 0.697357
1696.162476 0.000000 3075.102783 0.000000 0.785130 0.000000 0.619331 0.554101 0.554101 0.554101
1699.202881 0.000000 3076.949219 0.000000 0.968412 0.000000 -0.249354 0.753290 0.753290 0.753290
1698.180176 0.000000 3073.272461 0.000000 0.127035 0.000000 -0.991898 0.853872 0.853872 0.853872
1700.518433 0.000000 3075.351074 0.000000 0.754699 0.000000 0.656071 0.624966 0.624966 0.624966
1697.501953 0.000000 3075.969727 0.000000 0.947764 0.000000 -0.318972 0.770918 0.770918 0.770918
1697.990601 0.000000 3077.873535 0.000000 0.996345 0.000000 -0.085426 0.711659 0.711659 0.711659
1697.372192 0.000000 3074.435059 0.000000 0.951242 0.000000 0.308445 0.631504 0.631504 0.631504
1699.790161 0.000000 3074.621094 0.000000 0.599551 0.000000 0.800336 0.406507 0.406507 0.406507
1699.575562 0.000000 3075.622803 0.000000 0.542714 0.000000 -0.839917 1.015405 1.015405 1.015405
"}
