object={
	name="tree_leaf_high_generator_1_0"
	render_pass=Map
	clamp_to_water_level=no
	generated_content=yes
	layer="tree_high_layer"
	pdxmesh="tree_leaf_01_a_mesh"
	count=727
	transform="1302.571411 0.000000 2701.663574 0.000000 0.988434 0.000000 -0.151654 0.803649 0.803649 0.803649
1297.925171 0.000000 2739.787842 0.000000 0.510543 0.000000 0.859852 0.779329 0.779329 0.779329
1327.552002 0.000000 2749.544922 0.000000 0.842541 0.000000 -0.538633 0.835218 0.835218 0.835218
1301.221313 0.000000 2698.969482 0.000000 0.574831 0.000000 -0.818272 1.182830 1.182830 1.182830
1328.463379 0.000000 2729.360352 0.000000 0.821420 0.000000 -0.570324 1.016970 1.016970 1.016970
1302.904297 0.000000 2690.058838 0.000000 0.103045 0.000000 -0.994677 0.987589 0.987589 0.987589
1335.833496 0.000000 2747.644775 0.000000 0.315076 0.000000 0.949066 0.632697 0.632697 0.632697
1323.221802 0.000000 2732.297363 0.000000 0.559842 0.000000 0.828600 0.378691 0.378691 0.378691
1295.508179 0.000000 2739.044434 0.000000 0.545493 0.000000 -0.838115 0.919094 0.919094 0.919094
1301.049438 0.000000 2693.211182 0.000000 0.064720 0.000000 0.997903 0.565384 0.565384 0.565384
1332.554688 0.000000 2747.425293 0.000000 0.685177 0.000000 0.728377 0.482219 0.482219 0.482219
1333.832275 0.000000 2724.348389 0.000000 0.918931 0.000000 0.394419 0.731981 0.731981 0.731981
1330.502808 0.000000 2722.166504 0.000000 0.686823 0.000000 -0.726824 1.157528 1.157528 1.157528
1342.930298 0.000000 2736.350098 0.000000 0.432255 0.000000 -0.901751 1.010983 1.010983 1.010983
1304.853027 0.000000 2691.128662 0.000000 0.805900 0.000000 0.592052 0.684844 0.684844 0.684844
1331.649048 0.000000 2749.376953 0.000000 0.122845 0.000000 -0.992426 1.404278 1.404278 1.404278
1299.057739 0.000000 2698.627197 0.000000 0.103738 0.000000 0.994605 0.562695 0.562695 0.562695
1329.459717 0.000000 2749.705078 0.000000 0.422038 0.000000 0.906578 0.493945 0.493945 0.493945
1327.568115 0.000000 2731.032959 0.000000 0.179690 0.000000 0.983723 0.264153 0.264153 0.264153
1301.286499 0.000000 2697.049316 0.000000 0.689923 0.000000 0.723883 0.424951 0.424951 0.424951
1295.745483 0.000000 2735.419678 0.000000 0.161761 0.000000 0.986830 0.456844 0.456844 0.456844
1305.189941 0.000000 2692.889160 0.000000 0.640004 0.000000 -0.768371 1.186787 1.186787 1.186787
1303.917603 0.000000 2695.485596 0.000000 0.347286 0.000000 0.937759 0.394377 0.394377 0.394377
1328.492920 0.000000 2714.212891 0.000000 0.203099 0.000000 0.979158 0.357938 0.357938 0.357938
1333.870972 0.000000 2722.565674 0.000000 0.992999 0.000000 -0.118123 0.828377 0.828377 0.828377
1328.046997 0.000000 2751.181641 0.000000 0.750125 0.000000 0.661296 0.584979 0.584979 0.584979
1306.858398 0.000000 2693.634521 0.000000 0.399564 0.000000 -0.916705 1.284108 1.284108 1.284108
1322.122192 0.000000 2733.545898 0.000000 0.830374 0.000000 0.557207 0.545033 0.545033 0.545033
1312.176270 0.000000 2704.927979 0.000000 0.614289 0.000000 -0.789081 1.079681 1.079681 1.079681
1344.043579 0.000000 2733.779053 0.000000 0.990944 0.000000 -0.134273 0.807532 0.807532 0.807532
1383.066162 0.000000 2736.041748 0.000000 0.231942 0.000000 -0.972730 0.885432 0.885432 0.885432
1345.801880 0.000000 2736.241455 0.000000 0.429937 0.000000 0.902859 0.365820 0.365820 0.365820
1384.839844 0.000000 2740.656494 0.000000 0.221606 0.000000 0.975136 0.579342 0.579342 0.579342
1387.006226 0.000000 2740.959717 0.000000 0.152595 0.000000 -0.988289 1.394571 1.394571 1.394571
1386.789307 0.000000 2744.712646 0.000000 0.993550 0.000000 -0.113392 0.844938 0.844938 0.844938
1379.466675 0.000000 2734.478760 0.000000 0.578336 0.000000 0.815799 0.441750 0.441750 0.441750
1384.295898 0.000000 2738.608398 0.000000 0.019454 0.000000 0.999811 0.115254 0.115254 0.115254
1387.984131 0.000000 2738.716797 0.000000 0.420809 0.000000 0.907149 0.364202 0.364202 0.364202
1376.300171 0.000000 2735.514893 0.000000 0.817226 0.000000 0.576317 0.651565 0.651565 0.651565
1344.174561 0.000000 2736.561035 0.000000 0.755429 0.000000 -0.655231 1.075412 1.075412 1.075412
1327.393799 0.000000 2752.756348 0.000000 0.264990 0.000000 0.964251 0.781789 0.781789 0.781789
1291.015503 0.000000 2776.399170 0.000000 0.991008 0.000000 0.133806 0.796247 0.796247 0.796247
1307.172485 0.000000 2763.220703 0.000000 0.454938 0.000000 0.890523 0.269063 0.269063 0.269063
1293.761963 0.000000 2768.912842 0.000000 0.990832 0.000000 -0.135102 0.810285 0.810285 0.810285
1298.681030 0.000000 2776.218994 0.000000 0.076170 0.000000 -0.997095 0.931339 0.931339 0.931339
1305.647705 0.000000 2765.861816 0.000000 0.344946 0.000000 0.938622 0.685608 0.685608 0.685608
1302.172119 0.000000 2759.251953 0.000000 0.485788 0.000000 -0.874077 0.912579 0.912579 0.912579
1308.118652 0.000000 2806.348389 0.000000 0.331867 0.000000 -0.943326 1.348942 1.348942 1.348942
1308.811768 0.000000 2761.431641 0.000000 0.790778 0.000000 0.612103 0.689488 0.689488 0.689488
1306.406982 0.000000 2760.939209 0.000000 0.665050 0.000000 -0.746798 1.172195 1.172195 1.172195
1313.333862 0.000000 2805.296875 0.000000 0.861150 0.000000 0.508351 0.566751 0.566751 0.566751
1342.514893 0.000000 2811.807373 0.000000 0.626548 0.000000 -0.779383 1.076658 1.076658 1.076658
1294.964355 0.000000 2770.676758 0.000000 0.785571 0.000000 -0.618772 1.027860 1.027860 1.027860
1297.149658 0.000000 2779.797852 0.000000 0.114165 0.000000 0.993462 0.162985 0.162985 0.162985
1294.348633 0.000000 2779.966797 0.000000 0.452070 0.000000 -0.891982 1.026639 1.026639 1.026639
1343.129883 0.000000 2753.878418 0.000000 0.997757 0.000000 -0.066937 0.820603 0.820603 0.820603
1297.078613 0.000000 2766.374512 0.000000 0.316793 0.000000 0.948495 0.453410 0.453410 0.453410
1315.510620 0.000000 2805.041504 0.000000 0.014901 0.000000 0.999889 0.501681 0.501681 0.501681
1294.537354 0.000000 2773.921143 0.000000 0.711009 0.000000 -0.703183 1.119303 1.119303 1.119303
1309.317383 0.000000 2807.921875 0.000000 0.999465 0.000000 -0.032704 0.814569 0.814569 0.814569
1312.380859 0.000000 2802.616699 0.000000 0.668644 0.000000 0.743582 0.587337 0.587337 0.587337
1309.896484 0.000000 2805.619141 0.000000 0.304376 0.000000 -0.952552 1.114943 1.114943 1.114943
1292.768677 0.000000 2774.409424 0.000000 0.186442 0.000000 0.982466 0.404935 0.404935 0.404935
1296.771851 0.000000 2776.123535 0.000000 0.716470 0.000000 -0.697618 1.026674 1.026674 1.026674
1297.750366 0.000000 2777.692139 0.000000 0.987364 0.000000 0.158468 0.753278 0.753278 0.753278
1295.335571 0.000000 2772.447998 0.000000 0.414089 0.000000 0.910236 0.331667 0.331667 0.331667
1307.277466 0.000000 2765.666992 0.000000 0.320452 0.000000 0.947265 0.461939 0.461939 0.461939
1365.338501 0.000000 2777.592285 0.000000 0.569508 0.000000 0.821986 0.767239 0.767239 0.767239
1385.195068 0.000000 2794.851807 0.000000 0.690152 0.000000 -0.723664 0.832319 0.832319 0.832319
1401.355713 0.000000 2813.662598 0.000000 0.995721 0.000000 0.092411 0.794640 0.794640 0.794640
1406.790405 0.000000 2813.983154 0.000000 0.325778 0.000000 -0.945446 0.894031 0.894031 0.894031
1387.482544 0.000000 2793.926270 0.000000 0.990124 0.000000 -0.140196 0.819946 0.819946 0.819946
1361.141846 0.000000 2779.797852 0.000000 0.615170 0.000000 -0.788394 0.995899 0.995899 0.995899
1362.258301 0.000000 2774.018066 0.000000 0.918049 0.000000 0.396467 0.629017 0.629017 0.629017
1360.764038 0.000000 2776.123535 0.000000 0.150314 0.000000 0.988638 0.093861 0.093861 0.093861
1361.742554 0.000000 2777.692139 0.000000 0.774867 0.000000 -0.632124 1.140307 1.140307 1.140307
1405.140381 0.000000 2813.780029 0.000000 0.654986 0.000000 -0.755641 1.034393 1.034393 1.034393
1416.085083 0.000000 2794.820557 0.000000 0.305780 0.000000 -0.952102 0.822649 0.822649 0.822649
1456.885010 0.000000 2757.080078 0.000000 0.597600 0.000000 -0.801795 0.878037 0.878037 0.878037
1455.298340 0.000000 2763.103027 0.000000 0.404574 0.000000 0.914505 0.329703 0.329703 0.329703
1452.963867 0.000000 2761.189697 0.000000 0.421884 0.000000 -0.906650 0.942847 0.942847 0.942847
1412.512695 0.000000 2795.849121 0.000000 0.687529 0.000000 0.726156 0.725333 0.725333 0.725333
1466.250977 0.000000 2755.625244 0.000000 0.988620 0.000000 -0.150434 0.854589 0.854589 0.854589
1461.647339 0.000000 2756.636963 0.000000 0.847834 0.000000 0.530261 0.618047 0.618047 0.618047
1459.047363 0.000000 2757.073975 0.000000 0.131301 0.000000 0.991342 0.492455 0.492455 0.492455
1414.161377 0.000000 2791.181152 0.000000 0.988891 0.000000 0.148639 0.774672 0.774672 0.774672
1415.321289 0.000000 2792.995361 0.000000 0.449884 0.000000 -0.893087 1.185923 1.185923 1.185923
1423.359863 0.000000 2815.302246 0.000000 0.984876 0.000000 -0.173260 0.859125 0.859125 0.859125
1456.932739 0.000000 2761.966064 0.000000 0.686103 0.000000 0.727504 0.477833 0.477833 0.477833
1456.319214 0.000000 2758.663330 0.000000 0.201191 0.000000 0.979552 0.360041 0.360041 0.360041
1454.656006 0.000000 2761.598145 0.000000 0.980361 0.000000 0.197213 0.727841 0.727841 0.727841
1453.149902 0.000000 2765.578613 0.000000 0.058630 0.000000 0.998280 0.377187 0.377187 0.377187
1507.972290 0.000000 2800.302490 0.000000 0.306595 0.000000 -0.951840 0.908140 0.908140 0.908140
1517.207397 0.000000 2797.722168 0.000000 0.967701 0.000000 0.252099 0.782694 0.782694 0.782694
1512.129150 0.000000 2797.441162 0.000000 0.332333 0.000000 -0.943162 1.267521 1.267521 1.267521
1522.593506 0.000000 2790.528320 0.000000 0.406372 0.000000 0.913707 0.305188 0.305188 0.305188
1515.198364 0.000000 2796.281738 0.000000 0.976498 0.000000 0.215525 0.770931 0.770931 0.770931
1510.748901 0.000000 2795.511475 0.000000 0.945276 0.000000 -0.326272 0.850449 0.850449 0.850449
1513.465332 0.000000 2792.392334 0.000000 0.036484 0.000000 -0.999334 1.045150 1.045150 1.045150
1515.466919 0.000000 2793.926270 0.000000 0.034571 0.000000 0.999402 0.131134 0.131134 0.131134
1517.408813 0.000000 2790.017822 0.000000 0.549222 0.000000 0.835677 0.466057 0.466057 0.466057
1519.082886 0.000000 2801.791016 0.000000 0.618549 0.000000 0.785747 0.438938 0.438938 0.438938
1514.990601 0.000000 2804.944092 0.000000 0.446939 0.000000 0.894564 0.426197 0.426197 0.426197
1519.514282 0.000000 2804.559326 0.000000 0.992445 0.000000 0.122693 0.748901 0.748901 0.748901
1523.098511 0.000000 2803.673584 0.000000 0.279064 0.000000 -0.960273 1.324769 1.324769 1.324769
1522.449585 0.000000 2797.533203 0.000000 0.805061 0.000000 -0.593193 1.052389 1.052389 1.052389
1519.128540 0.000000 2788.940186 0.000000 0.362133 0.000000 0.932127 0.545900 0.545900 0.545900
1521.444580 0.000000 2788.866699 0.000000 0.818215 0.000000 -0.574913 0.926000 0.926000 0.926000
1523.068848 0.000000 2794.940674 0.000000 0.778664 0.000000 0.627441 0.585965 0.585965 0.585965
1521.075562 0.000000 2805.827881 0.000000 0.874360 0.000000 -0.485278 0.996321 0.996321 0.996321
1510.363770 0.000000 2801.839111 0.000000 0.829384 0.000000 -0.558679 1.024950 1.024950 1.024950
1524.536255 0.000000 2800.055420 0.000000 0.878584 0.000000 -0.477588 1.006843 1.006843 1.006843
1522.000610 0.000000 2792.312744 0.000000 0.035217 0.000000 0.999380 0.152883 0.152883 0.152883
1518.023438 0.000000 2805.656738 0.000000 0.033332 0.000000 0.999444 0.161300 0.161300 0.161300
1509.515991 0.000000 2799.023438 0.000000 0.723633 0.000000 0.690185 0.647861 0.647861 0.647861
1512.280273 0.000000 2802.592773 0.000000 0.714807 0.000000 -0.699322 1.019640 1.019640 1.019640
1515.968506 0.000000 2802.701172 0.000000 0.798690 0.000000 0.601743 0.658146 0.658146 0.658146
1518.158813 0.000000 2799.291260 0.000000 0.539560 0.000000 0.841947 0.464168 0.464168 0.464168
1518.131348 0.000000 2796.276367 0.000000 0.708557 0.000000 -0.705653 1.015905 1.015905 1.015905
1511.133301 0.000000 2805.509277 0.000000 0.509657 0.000000 -0.860378 1.071060 1.071060 1.071060
1236.640259 0.000000 2930.464844 0.000000 0.602542 0.000000 0.798087 0.700334 0.700334 0.700334
1238.934082 0.000000 2926.770508 0.000000 0.567417 0.000000 0.823431 0.400037 0.400037 0.400037
1249.734863 0.000000 2897.331543 0.000000 0.989479 0.000000 -0.144677 0.816528 0.816528 0.816528
1235.976196 0.000000 2935.762695 0.000000 0.464524 0.000000 -0.885561 1.260548 1.260548 1.260548
1240.803589 0.000000 2927.989502 0.000000 0.248586 0.000000 -0.968610 1.311288 1.311288 1.311288
1240.139404 0.000000 2924.682373 0.000000 0.059688 0.000000 -0.998217 1.252696 1.252696 1.252696
1237.663574 0.000000 2928.611328 0.000000 0.071287 0.000000 -0.997456 1.249213 1.249213 1.249213
1232.060181 0.000000 2935.133057 0.000000 0.480350 0.000000 0.877077 0.464564 0.464564 0.464564
1235.613281 0.000000 2934.119629 0.000000 0.219542 0.000000 -0.975603 1.371377 1.371377 1.371377
1245.701172 0.000000 2887.696289 0.000000 0.095225 0.000000 0.995456 0.419865 0.419865 0.419865
1248.397339 0.000000 2901.519775 0.000000 0.952614 0.000000 0.304182 0.657402 0.657402 0.657402
1342.502930 0.000000 2839.628174 0.000000 0.891146 0.000000 -0.453718 0.831979 0.831979 0.831979
1292.329590 0.000000 2824.179932 0.000000 0.221365 0.000000 -0.975191 0.915732 0.915732 0.915732
1342.335327 0.000000 2842.368896 0.000000 0.486814 0.000000 -0.873506 1.213748 1.213748 1.213748
1340.166016 0.000000 2846.626709 0.000000 0.734421 0.000000 0.678694 0.449872 0.449872 0.449872
1343.159058 0.000000 2849.577148 0.000000 0.214171 0.000000 -0.976796 1.268167 1.268167 1.268167
1343.073730 0.000000 2846.908447 0.000000 0.000781 0.000000 -1.000000 1.260947 1.260947 1.260947
1340.743286 0.000000 2840.728760 0.000000 0.271713 0.000000 0.962378 0.530882 0.530882 0.530882
1337.388916 0.000000 2842.597656 0.000000 0.955842 0.000000 0.293881 0.736255 0.736255 0.736255
1292.574829 0.000000 2826.005371 0.000000 0.759509 0.000000 -0.650497 1.007934 1.007934 1.007934
1338.736450 0.000000 2845.671631 0.000000 0.831678 0.000000 0.555258 0.643629 0.643629 0.643629
1340.725098 0.000000 2842.548340 0.000000 0.859893 0.000000 -0.510474 1.067498 1.067498 1.067498
1372.546265 0.000000 2874.009277 0.000000 0.135628 0.000000 0.990760 0.069289 0.069289 0.069289
1348.252686 0.000000 2848.329590 0.000000 0.945627 0.000000 0.325254 0.777504 0.777504 0.777504
1396.203369 0.000000 2873.128174 0.000000 0.357717 0.000000 0.933830 0.294609 0.294609 0.294609
1393.661133 0.000000 2872.251953 0.000000 0.669724 0.000000 0.742610 0.462335 0.462335 0.462335
1389.735718 0.000000 2875.819336 0.000000 0.932976 0.000000 0.359939 0.746317 0.746317 0.746317
1346.125854 0.000000 2847.239502 0.000000 0.729964 0.000000 0.683486 0.451309 0.451309 0.451309
1396.546875 0.000000 2875.394043 0.000000 0.204105 0.000000 -0.978949 1.337164 1.337164 1.337164
1371.181274 0.000000 2876.209717 0.000000 0.289834 0.000000 0.957077 0.560304 0.560304 0.560304
1370.331909 0.000000 2873.415527 0.000000 0.159172 0.000000 0.987251 0.081412 0.081412 0.081412
1374.618774 0.000000 2873.365967 0.000000 0.689279 0.000000 -0.724496 1.212684 1.212684 1.212684
1403.423828 0.000000 2815.429443 0.000000 0.194690 0.000000 -0.980865 1.085575 1.085575 1.085575
1395.641235 0.000000 2877.345703 0.000000 0.712230 0.000000 -0.701946 1.131024 1.131024 1.131024
1373.309570 0.000000 2871.906250 0.000000 0.326373 0.000000 -0.945241 1.034958 1.034958 1.034958
1390.426270 0.000000 2872.482666 0.000000 0.502865 0.000000 0.864365 0.604020 0.604020 0.604020
1347.906738 0.000000 2846.445801 0.000000 0.870691 0.000000 -0.491830 1.038255 1.038255 1.038255
1397.837402 0.000000 2871.990967 0.000000 0.958664 0.000000 0.284539 0.659394 0.659394 0.659394
1393.451904 0.000000 2877.673828 0.000000 0.535051 0.000000 -0.844820 1.240120 1.240120 1.240120
1398.119019 0.000000 2874.385010 0.000000 0.998645 0.000000 0.052035 0.781701 0.781701 0.781701
1376.995972 0.000000 2871.755371 0.000000 0.451195 0.000000 0.892425 0.458637 0.458637 0.458637
1396.603882 0.000000 2868.860352 0.000000 0.901489 0.000000 -0.432801 0.886714 0.886714 0.886714
1396.157959 0.000000 2871.294678 0.000000 0.948970 0.000000 0.315367 0.643645 0.643645 0.643645
1392.292847 0.000000 2875.712402 0.000000 0.802826 0.000000 0.596213 0.609908 0.609908 0.609908
1394.518799 0.000000 2873.928467 0.000000 0.732166 0.000000 -0.681126 1.063389 1.063389 1.063389
1345.658203 0.000000 2843.193359 0.000000 0.118520 0.000000 0.992952 0.295403 0.295403 0.295403
1371.510620 0.000000 2872.107910 0.000000 0.212128 0.000000 0.977242 0.108863 0.108863 0.108863
1372.890015 0.000000 2875.929443 0.000000 0.722637 0.000000 0.691228 0.411312 0.411312 0.411312
1345.864990 0.000000 2840.310547 0.000000 0.999652 0.000000 0.026394 0.792461 0.792461 0.792461
1392.039185 0.000000 2879.150391 0.000000 0.998421 0.000000 0.056172 0.785857 0.785857 0.785857
1373.966675 0.000000 2877.781006 0.000000 0.905402 0.000000 0.424556 0.673895 0.673895 0.673895
1347.597534 0.000000 2843.258301 0.000000 0.802584 0.000000 -0.596539 1.073192 1.073192 1.073192
1348.557007 0.000000 2844.921387 0.000000 0.197953 0.000000 0.980211 0.443895 0.443895 0.443895
1344.841797 0.000000 2841.738281 0.000000 0.557501 0.000000 -0.830176 1.079728 1.079728 1.079728
1301.908569 0.000000 2923.919678 0.000000 0.355250 0.000000 -0.934771 0.838590 0.838590 0.838590
1304.228760 0.000000 2922.306152 0.000000 0.120521 0.000000 -0.992711 0.941902 0.941902 0.941902
1303.232056 0.000000 2917.591309 0.000000 0.987260 0.000000 0.159115 0.778936 0.778936 0.778936
1300.376587 0.000000 2919.565674 0.000000 0.316517 0.000000 -0.948587 1.353676 1.353676 1.353676
1307.609009 0.000000 2918.759033 0.000000 0.458513 0.000000 0.888688 0.264448 0.264448 0.264448
1306.160522 0.000000 2914.273438 0.000000 0.927654 0.000000 -0.373442 0.951346 0.951346 0.951346
1298.122437 0.000000 2919.850586 0.000000 0.830091 0.000000 -0.557627 0.952403 0.952403 0.952403
1305.059937 0.000000 2920.577637 0.000000 0.916427 0.000000 0.400201 0.658558 0.658558 0.658558
1306.542114 0.000000 2917.365723 0.000000 0.892947 0.000000 0.450162 0.661042 0.661042 0.661042
1438.554565 0.000000 2859.506592 0.000000 0.007608 0.000000 -0.999971 0.878051 0.878051 0.878051
1442.579834 0.000000 2859.341309 0.000000 0.999030 0.000000 -0.044032 0.821201 0.821201 0.821201
1419.045410 0.000000 2837.569824 0.000000 0.440011 0.000000 0.897992 0.659681 0.659681 0.659681
1446.756714 0.000000 2859.495850 0.000000 0.000214 0.000000 -1.000000 1.050946 1.050946 1.050946
1434.324097 0.000000 2873.415527 0.000000 0.930221 0.000000 -0.366999 0.866046 0.866046 0.866046
1440.585205 0.000000 2860.141846 0.000000 0.275907 0.000000 -0.961184 1.212634 1.212634 1.212634
1436.468750 0.000000 2863.626709 0.000000 0.213988 0.000000 -0.976836 1.111252 1.111252 1.111252
1437.301758 0.000000 2871.906250 0.000000 0.184899 0.000000 -0.982758 1.214875 1.214875 1.214875
1436.386963 0.000000 2865.816650 0.000000 0.024534 0.000000 -0.999699 1.479415 1.479415 1.479415
1443.233398 0.000000 2856.999023 0.000000 0.351235 0.000000 -0.936287 1.032365 1.032365 1.032365
1443.458862 0.000000 2862.447510 0.000000 0.607557 0.000000 -0.794276 0.968645 0.968645 0.968645
1437.880859 0.000000 2869.603516 0.000000 0.994508 0.000000 0.104663 0.777592 0.777592 0.777592
1444.696899 0.000000 2859.433105 0.000000 0.128843 0.000000 -0.991665 1.424788 1.424788 1.424788
1435.062622 0.000000 2868.861328 0.000000 0.086263 0.000000 -0.996272 1.535259 1.535259 1.535259
1440.292358 0.000000 2863.483643 0.000000 0.877142 0.000000 -0.480232 0.936062 0.936062 0.936062
1434.948120 0.000000 2866.819580 0.000000 0.395873 0.000000 -0.918305 1.188165 1.188165 1.188165
1417.511597 0.000000 2834.152344 0.000000 0.242530 0.000000 -0.970144 1.289877 1.289877 1.289877
1417.412842 0.000000 2837.221191 0.000000 0.943458 0.000000 -0.331493 0.891103 0.891103 0.891103
1442.697388 0.000000 2860.983398 0.000000 0.028612 0.000000 -0.999591 1.480703 1.480703 1.480703
1477.808350 0.000000 2826.484619 0.000000 0.936378 0.000000 0.350993 0.779944 0.779944 0.779944
1520.341797 0.000000 2851.152832 0.000000 0.993432 0.000000 -0.114422 0.852219 0.852219 0.852219
1486.976196 0.000000 2829.941895 0.000000 0.999474 0.000000 -0.032438 0.814450 0.814450 0.814450
1534.774780 0.000000 2877.967529 0.000000 0.457292 0.000000 -0.889317 1.331847 1.331847 1.331847
1489.152100 0.000000 2825.602051 0.000000 0.443348 0.000000 0.896349 0.342708 0.342708 0.342708
1486.368286 0.000000 2820.573975 0.000000 0.971630 0.000000 -0.236505 0.830043 0.830043 0.830043
1522.479370 0.000000 2850.135254 0.000000 0.165575 0.000000 -0.986197 1.060868 1.060868 1.060868
1534.491455 0.000000 2875.791748 0.000000 0.858392 0.000000 -0.512995 0.903282 0.903282 0.903282
1488.208862 0.000000 2827.840576 0.000000 0.924377 0.000000 0.381481 0.680398 0.680398 0.680398
1491.034302 0.000000 2826.595947 0.000000 0.561199 0.000000 0.827681 0.435868 0.435868 0.435868
1481.568848 0.000000 2830.401611 0.000000 0.974555 0.000000 -0.224150 0.881273 0.881273 0.881273
1485.679321 0.000000 2828.344238 0.000000 0.997868 0.000000 -0.065270 0.830135 0.830135 0.830135
1489.055176 0.000000 2830.358887 0.000000 0.327234 0.000000 0.944943 0.523200 0.523200 0.523200
1485.838135 0.000000 2822.525146 0.000000 0.943693 0.000000 0.330824 0.698987 0.698987 0.698987
1519.128540 0.000000 2852.924561 0.000000 0.992870 0.000000 -0.119204 0.820762 0.820762 0.820762
1521.444580 0.000000 2852.851074 0.000000 0.041063 0.000000 -0.999157 1.380491 1.380491 1.380491
1518.528564 0.000000 2850.362793 0.000000 0.705983 0.000000 -0.708229 0.939890 0.939890 0.939890
1486.585327 0.000000 2824.381836 0.000000 0.590981 0.000000 -0.806685 1.064298 1.064298 1.064298
1489.710693 0.000000 2823.486572 0.000000 0.038630 0.000000 -0.999254 1.259012 1.259012 1.259012
1487.314331 0.000000 2831.882324 0.000000 0.698125 0.000000 -0.715976 1.077328 1.077328 1.077328
1484.551392 0.000000 2826.005371 0.000000 0.850047 0.000000 0.526707 0.607223 0.607223 0.607223
1485.476562 0.000000 2830.917725 0.000000 0.032848 0.000000 -0.999460 1.506477 1.506477 1.506477
1479.121094 0.000000 2828.399902 0.000000 0.078031 0.000000 -0.996951 1.202469 1.202469 1.202469
1482.712891 0.000000 2829.081299 0.000000 0.967755 0.000000 0.251895 0.728291 0.728291 0.728291
1482.114990 0.000000 2827.252930 0.000000 0.602321 0.000000 -0.798254 1.158168 1.158168 1.158168
1483.092529 0.000000 2825.286133 0.000000 0.904329 0.000000 -0.426836 0.938280 0.938280 0.938280
1458.882324 0.000000 2898.026367 0.000000 0.984901 0.000000 0.173117 0.716598 0.716598 0.716598
1415.411133 0.000000 2925.945312 0.000000 0.265471 0.000000 -0.964119 0.878018 0.878018 0.878018
1456.215942 0.000000 2898.614502 0.000000 0.222823 0.000000 -0.974859 1.429099 1.429099 1.429099
1454.925293 0.000000 2907.119385 0.000000 0.858093 0.000000 -0.513494 1.006787 1.006787 1.006787
1461.502075 0.000000 2897.706299 0.000000 0.163936 0.000000 -0.986471 1.016243 1.016243 1.016243
1421.396851 0.000000 2918.248047 0.000000 0.664405 0.000000 0.747373 0.388648 0.388648 0.388648
1417.420288 0.000000 2924.696045 0.000000 0.475645 0.000000 0.879637 0.619633 0.619633 0.619633
1452.469238 0.000000 2907.705322 0.000000 0.992407 0.000000 0.122999 0.749020 0.749020 0.749020
1418.800293 0.000000 2922.971680 0.000000 0.712976 0.000000 0.701188 0.443045 0.443045 0.443045
1458.303955 0.000000 2905.478760 0.000000 0.880527 0.000000 0.473996 0.581045 0.581045 0.581045
1458.016357 0.000000 2900.126465 0.000000 0.201365 0.000000 0.979516 0.529501 0.529501 0.529501
1417.325806 0.000000 2921.039795 0.000000 0.134097 0.000000 -0.990968 1.390936 1.390936 1.390936
1418.433716 0.000000 2919.071289 0.000000 0.998718 0.000000 -0.050624 0.816083 0.816083 0.816083
1415.321289 0.000000 2920.964111 0.000000 0.054540 0.000000 0.998512 0.491116 0.491116 0.491116
1421.290039 0.000000 2920.364258 0.000000 0.595608 0.000000 0.803275 0.401324 0.401324 0.401324
1455.019043 0.000000 2903.070557 0.000000 0.885991 0.000000 -0.463702 0.990675 0.990675 0.990675
1425.795166 0.000000 2923.426514 0.000000 0.999985 0.000000 0.005555 0.798347 0.798347 0.798347
1461.942993 0.000000 2901.343750 0.000000 0.987372 0.000000 0.158420 0.739947 0.739947 0.739947
1461.263428 0.000000 2899.583252 0.000000 0.329833 0.000000 0.944039 0.282155 0.282155 0.282155
1414.212280 0.000000 2922.335205 0.000000 0.782372 0.000000 0.622811 0.642892 0.642892 0.642892
1460.803345 0.000000 2902.634277 0.000000 0.995316 0.000000 -0.096676 0.842932 0.842932 0.842932
1456.477295 0.000000 2906.166016 0.000000 0.778655 0.000000 -0.627453 1.024877 1.024877 1.024877
1422.622192 0.000000 2924.255371 0.000000 0.478301 0.000000 0.878196 0.493809 0.493809 0.493809
1420.073608 0.000000 2919.233398 0.000000 0.858425 0.000000 0.512939 0.537524 0.537524 0.537524
1454.466431 0.000000 2901.444336 0.000000 0.582137 0.000000 -0.813091 1.209592 1.209592 1.209592
1454.915283 0.000000 2905.345947 0.000000 0.372701 0.000000 -0.927951 1.341380 1.341380 1.341380
1482.703735 0.000000 2936.368896 0.000000 0.384707 0.000000 0.923039 0.621509 0.621509 0.621509
1532.191528 0.000000 2887.886963 0.000000 0.104047 0.000000 -0.994572 1.464899 1.464899 1.464899
1483.056641 0.000000 2938.846924 0.000000 0.918249 0.000000 0.396004 0.637360 0.637360 0.637360
1480.399048 0.000000 2942.395264 0.000000 0.967288 0.000000 0.253680 0.713429 0.713429 0.713429
1487.024902 0.000000 2936.979492 0.000000 0.696746 0.000000 0.717318 0.510819 0.510819 0.510819
1532.156128 0.000000 2882.055664 0.000000 0.999459 0.000000 -0.032878 0.811034 0.811034 0.811034
1535.106445 0.000000 2881.847168 0.000000 0.994555 0.000000 -0.104216 0.834823 0.834823 0.834823
1484.335205 0.000000 2937.437500 0.000000 0.370128 0.000000 0.928981 0.328758 0.328758 0.328758
1533.166870 0.000000 2886.320557 0.000000 0.356594 0.000000 0.934259 0.253152 0.253152 0.253152
1534.137085 0.000000 2887.814209 0.000000 0.711999 0.000000 -0.702181 0.994345 0.994345 0.994345
1534.939209 0.000000 2879.423828 0.000000 0.999584 0.000000 -0.028826 0.810940 0.810940 0.810940
1355.939331 0.000000 2948.887451 0.000000 0.957521 0.000000 0.288364 0.790652 0.790652 0.790652
1385.529175 0.000000 2998.841309 0.000000 0.488856 0.000000 -0.872364 0.859279 0.859279 0.859279
1385.078003 0.000000 3002.213623 0.000000 0.569269 0.000000 0.822151 0.337353 0.337353 0.337353
1352.983276 0.000000 2960.479248 0.000000 0.943699 0.000000 -0.330805 0.942757 0.942757 0.942757
1346.800537 0.000000 2969.699219 0.000000 0.697420 0.000000 0.716662 0.452115 0.452115 0.452115
1388.971680 0.000000 2953.142822 0.000000 0.301866 0.000000 0.953350 0.194047 0.194047 0.194047
1355.232544 0.000000 2962.076660 0.000000 0.770002 0.000000 0.638042 0.721226 0.721226 0.721226
1389.440674 0.000000 2950.701904 0.000000 0.998886 0.000000 0.047185 0.782936 0.782936 0.782936
1407.736084 0.000000 2979.639404 0.000000 0.093351 0.000000 -0.995633 1.419613 1.419613 1.419613
1385.760376 0.000000 3007.212402 0.000000 0.851762 0.000000 -0.523929 0.895821 0.895821 0.895821
1384.499390 0.000000 2950.890381 0.000000 0.999691 0.000000 -0.024850 0.804219 0.804219 0.804219
1349.310181 0.000000 2956.567383 0.000000 0.697491 0.000000 -0.716594 1.058488 1.058488 1.058488
1404.158203 0.000000 2974.595459 0.000000 0.379527 0.000000 0.925181 0.556945 0.556945 0.556945
1406.321655 0.000000 2981.302490 0.000000 0.031494 0.000000 -0.999504 1.138178 1.138178 1.138178
1407.151245 0.000000 2977.545898 0.000000 0.621867 0.000000 -0.783123 1.184528 1.184528 1.184528
1407.065918 0.000000 2974.877197 0.000000 0.999895 0.000000 -0.014496 0.807354 0.807354 0.807354
1357.853760 0.000000 2950.493896 0.000000 0.973328 0.000000 0.229420 0.722792 0.722792 0.722792
1358.600952 0.000000 2952.350586 0.000000 0.979010 0.000000 0.203812 0.743429 0.743429 0.743429
1351.329346 0.000000 2961.876465 0.000000 0.690802 0.000000 -0.723044 0.995314 0.995314 0.995314
1351.827148 0.000000 2954.727295 0.000000 0.685361 0.000000 0.728203 0.500238 0.500238 0.500238
1354.999146 0.000000 2950.679688 0.000000 0.694998 0.000000 0.719012 0.612503 0.612503 0.612503
1347.909912 0.000000 2962.925293 0.000000 0.990071 0.000000 -0.140568 0.845069 0.845069 0.845069
1391.017456 0.000000 2949.164795 0.000000 0.754778 0.000000 0.655980 0.591368 0.591368 0.591368
1349.719116 0.000000 2969.433350 0.000000 0.466232 0.000000 0.884662 0.580977 0.580977 0.580977
1350.932129 0.000000 2960.028809 0.000000 0.524003 0.000000 -0.851716 1.046318 1.046318 1.046318
1386.157104 0.000000 3005.364502 0.000000 0.497729 0.000000 -0.867333 1.282250 1.282250 1.282250
1384.669678 0.000000 3000.464600 0.000000 0.941194 0.000000 -0.337867 0.883978 0.883978 0.883978
1356.567017 0.000000 2953.974121 0.000000 0.713637 0.000000 -0.700516 1.094518 1.094518 1.094518
1345.658203 0.000000 2971.162109 0.000000 0.759054 0.000000 0.651027 0.603188 0.603188 0.603188
1387.951660 0.000000 2949.678711 0.000000 0.993529 0.000000 0.113578 0.774766 0.774766 0.774766
1351.136719 0.000000 2956.368652 0.000000 0.800805 0.000000 -0.598926 1.014185 1.014185 1.014185
1347.539551 0.000000 2968.056885 0.000000 0.904550 0.000000 0.426367 0.608219 0.608219 0.608219
1351.743774 0.000000 2965.052002 0.000000 0.999996 0.000000 -0.002740 0.800985 0.800985 0.800985
1353.519409 0.000000 2962.121094 0.000000 0.042429 0.000000 0.999099 0.247500 0.247500 0.247500
1385.330933 0.000000 3003.856934 0.000000 0.663122 0.000000 -0.748512 1.205431 1.205431 1.205431
1407.208008 0.000000 2972.121826 0.000000 0.719119 0.000000 -0.694887 1.063918 1.063918 1.063918
1347.597534 0.000000 2971.227051 0.000000 0.821533 0.000000 -0.570161 1.082333 1.082333 1.082333
1350.997925 0.000000 2963.534668 0.000000 0.907749 0.000000 -0.419513 0.982435 0.982435 0.982435
1355.108154 0.000000 2953.254883 0.000000 0.540640 0.000000 0.841254 0.334830 0.334830 0.334830
1384.504639 0.000000 3012.554932 0.000000 0.671743 0.000000 0.740784 0.385124 0.385124 0.385124
1382.010010 0.000000 3009.779541 0.000000 0.412341 0.000000 0.911030 0.296555 0.296555 0.296555
1386.430298 0.000000 3017.924561 0.000000 0.339774 0.000000 0.940507 0.347701 0.347701 0.347701
1389.440674 0.000000 3014.686279 0.000000 0.964395 0.000000 -0.264468 0.895153 0.895153 0.895153
1381.829834 0.000000 3018.402588 0.000000 0.148613 0.000000 0.988895 0.615443 0.615443 0.615443
1391.538330 0.000000 3011.170654 0.000000 0.234871 0.000000 0.972027 0.568255 0.568255 0.568255
1387.027832 0.000000 3012.175537 0.000000 0.519173 0.000000 -0.854669 1.170506 1.170506 1.170506
1380.574341 0.000000 3016.616211 0.000000 0.591308 0.000000 -0.806446 1.150371 1.150371 1.150371
1379.241943 0.000000 3012.964844 0.000000 0.709176 0.000000 -0.705032 0.982845 0.982845 0.982845
1389.700684 0.000000 3010.274414 0.000000 0.425127 0.000000 -0.905134 1.313080 1.313080 1.313080
1382.869751 0.000000 3011.508301 0.000000 0.572955 0.000000 0.819587 0.487247 0.487247 0.487247
1382.984375 0.000000 3013.712402 0.000000 0.151988 0.000000 -0.988382 1.097414 1.097414 1.097414
1385.917969 0.000000 3013.665527 0.000000 0.980835 0.000000 0.194840 0.702480 0.702480 0.702480
1386.304810 0.000000 3007.868164 0.000000 0.427991 0.000000 0.903783 0.421338 0.421338 0.421338
1381.400391 0.000000 3014.911621 0.000000 0.373885 0.000000 0.927475 0.301896 0.301896 0.301896
1389.555176 0.000000 3008.495605 0.000000 0.284555 0.000000 0.958660 0.303172 0.303172 0.303172
1387.951660 0.000000 3013.663086 0.000000 0.750311 0.000000 -0.661085 1.061098 1.061098 1.061098
1380.557495 0.000000 3011.366699 0.000000 0.466727 0.000000 -0.884402 1.235652 1.235652 1.235652
1385.584229 0.000000 3011.080811 0.000000 0.801010 0.000000 -0.598650 1.126874 1.126874 1.126874
1383.636230 0.000000 3008.995605 0.000000 0.561492 0.000000 0.827482 0.371765 0.371765 0.371765
1386.829102 0.000000 3019.521484 0.000000 0.963327 0.000000 0.268331 0.686060 0.686060 0.686060
1407.902954 0.000000 2974.356689 0.000000 0.727703 0.000000 0.685892 0.416569 0.416569 0.416569
1407.878052 0.000000 2971.264893 0.000000 0.821715 0.000000 -0.569899 0.858132 0.858132 0.858132
1407.864624 0.000000 2979.927979 0.000000 0.317117 0.000000 -0.948386 1.323482 1.323482 1.323482
1519.994385 0.000000 2982.729980 0.000000 0.977516 0.000000 0.210861 0.787695 0.787695 0.787695
1521.249146 0.000000 2987.786865 0.000000 0.480739 0.000000 0.876864 0.274631 0.274631 0.274631
1520.360718 0.000000 2968.437744 0.000000 0.998208 0.000000 -0.059841 0.804784 0.804784 0.804784
1507.972046 0.000000 2962.638916 0.000000 0.927271 0.000000 0.374392 0.747883 0.747883 0.747883
1520.439941 0.000000 2985.297852 0.000000 0.392026 0.000000 0.919954 0.347456 0.347456 0.347456
1518.917480 0.000000 2971.103760 0.000000 0.169858 0.000000 0.985469 0.179209 0.179209 0.179209
1503.755981 0.000000 2962.543945 0.000000 0.507191 0.000000 -0.861834 1.264773 1.264773 1.264773
1522.449585 0.000000 2989.486328 0.000000 0.949546 0.000000 -0.313629 0.862440 0.862440 0.862440
1523.068848 0.000000 2986.893799 0.000000 0.770040 0.000000 0.637995 0.664576 0.664576 0.664576
1519.544678 0.000000 2986.970459 0.000000 0.951257 0.000000 -0.308400 0.869503 0.869503 0.869503
1521.455444 0.000000 2992.941895 0.000000 0.999185 0.000000 -0.040365 0.813951 0.813951 0.813951
1518.158813 0.000000 2991.244385 0.000000 0.999480 0.000000 -0.032242 0.807214 0.807214 0.807214
1501.219971 0.000000 2964.958252 0.000000 0.818563 0.000000 -0.574417 1.093303 1.093303 1.093303
1518.907471 0.000000 2969.330322 0.000000 0.999994 0.000000 -0.003437 0.801071 0.801071 0.801071
1481.040771 0.000000 2943.422852 0.000000 0.960374 0.000000 0.278713 0.704662 0.704662 0.704662
1594.792725 0.000000 2761.881348 0.000000 0.999745 0.000000 -0.022560 0.809778 0.809778 0.809778
1591.637085 0.000000 2765.020020 0.000000 0.232981 0.000000 0.972481 0.607931 0.607931 0.607931
1589.534668 0.000000 2754.371094 0.000000 0.632590 0.000000 0.774487 0.702685 0.702685 0.702685
1592.716431 0.000000 2762.968506 0.000000 0.650616 0.000000 -0.759407 0.949851 0.949851 0.949851
1589.631714 0.000000 2756.636963 0.000000 0.780750 0.000000 0.624843 0.566796 0.566796 0.566796
1593.339600 0.000000 2757.654297 0.000000 0.380518 0.000000 0.924774 0.229456 0.229456 0.229456
1590.681763 0.000000 2758.392090 0.000000 0.974579 0.000000 0.224044 0.750808 0.750808 0.750808
1588.628296 0.000000 2762.255859 0.000000 0.986808 0.000000 -0.161895 0.835400 0.835400 0.835400
1594.257690 0.000000 2759.326660 0.000000 0.057647 0.000000 -0.998337 1.528315 1.528315 1.528315
1597.159058 0.000000 2758.351807 0.000000 0.545786 0.000000 -0.837924 1.020246 1.020246 1.020246
1591.771973 0.000000 2761.317383 0.000000 0.228995 0.000000 0.973427 0.395954 0.395954 0.395954
1595.988770 0.000000 2756.039551 0.000000 0.133890 0.000000 0.990996 0.289311 0.289311 0.289311
1588.425781 0.000000 2760.329590 0.000000 0.991203 0.000000 0.132348 0.739025 0.739025 0.739025
1593.477295 0.000000 2760.828613 0.000000 0.777923 0.000000 -0.628360 0.980482 0.980482 0.980482
1628.308960 0.000000 2814.301514 0.000000 0.675956 0.000000 0.736942 0.786762 0.786762 0.786762
1544.718384 0.000000 2873.959229 0.000000 0.571900 0.000000 -0.820324 0.871088 0.871088 0.871088
1576.481201 0.000000 2820.601807 0.000000 0.912464 0.000000 -0.409157 0.825257 0.825257 0.825257
1578.406860 0.000000 2825.971436 0.000000 0.904010 0.000000 -0.427511 0.859111 0.859111 0.859111
1581.883057 0.000000 2856.199463 0.000000 0.979559 0.000000 -0.201159 0.826294 0.826294 0.826294
1537.568848 0.000000 2878.373779 0.000000 0.074470 0.000000 -0.997223 0.991257 0.991257 0.991257
1576.386597 0.000000 2825.284424 0.000000 0.994851 0.000000 0.101349 0.761271 0.761271 0.761271
1571.218506 0.000000 2821.011719 0.000000 0.018209 0.000000 -0.999834 1.355059 1.355059 1.355059
1541.146484 0.000000 2875.840332 0.000000 0.540105 0.000000 -0.841597 1.189553 1.189553 1.189553
1583.536865 0.000000 2859.001709 0.000000 0.997879 0.000000 -0.065101 0.816264 0.816264 0.816264
1574.960938 0.000000 2821.759277 0.000000 0.930665 0.000000 0.365872 0.711724 0.711724 0.711724
1585.992798 0.000000 2856.297119 0.000000 0.475509 0.000000 -0.879711 1.027639 1.027639 1.027639
1544.745605 0.000000 2875.819580 0.000000 0.996392 0.000000 0.084872 0.777258 0.777258 0.777258
1543.038330 0.000000 2874.622803 0.000000 0.663214 0.000000 0.748430 0.392939 0.392939 0.392939
1573.376953 0.000000 2822.958496 0.000000 0.573460 0.000000 -0.819234 1.028182 1.028182 1.028182
1539.492554 0.000000 2874.916260 0.000000 0.723787 0.000000 0.690024 0.588589 0.588589 0.588589
1537.651489 0.000000 2876.662354 0.000000 0.344941 0.000000 -0.938624 1.184552 1.184552 1.184552
1608.710571 0.000000 2873.959229 0.000000 0.700228 0.000000 0.713919 0.736481 0.736481 0.736481
1606.330688 0.000000 2871.192627 0.000000 0.996058 0.000000 0.088706 0.766294 0.766294 0.766294
1603.650391 0.000000 2871.194580 0.000000 0.938489 0.000000 -0.345310 0.955620 0.955620 0.955620
1653.478638 0.000000 2833.721924 0.000000 0.868084 0.000000 0.496417 0.721150 0.721150 0.721150
1651.707397 0.000000 2831.841309 0.000000 0.721915 0.000000 -0.691982 1.047269 1.047269 1.047269
1624.813965 0.000000 2819.097412 0.000000 0.983696 0.000000 0.179838 0.736077 0.736077 0.736077
1627.335083 0.000000 2817.789551 0.000000 0.985301 0.000000 0.170830 0.742741 0.742741 0.742741
1603.433960 0.000000 2873.232178 0.000000 0.968299 0.000000 -0.249795 0.861013 0.861013 0.861013
1650.914429 0.000000 2830.102783 0.000000 0.797990 0.000000 -0.602671 1.009288 1.009288 1.009288
1618.265137 0.000000 2819.424072 0.000000 0.997695 0.000000 -0.067852 0.832685 0.832685 0.832685
1620.454834 0.000000 2817.167236 0.000000 0.049366 0.000000 -0.998781 1.182866 1.182866 1.182866
1621.861328 0.000000 2819.659424 0.000000 0.625893 0.000000 -0.779909 1.107290 1.107290 1.107290
1648.378296 0.000000 2832.954834 0.000000 0.159528 0.000000 -0.987193 1.200053 1.200053 1.200053
1606.883423 0.000000 2869.581299 0.000000 0.852033 0.000000 0.523488 0.652552 0.652552 0.652552
1558.821533 0.000000 2919.836182 0.000000 0.584615 0.000000 0.811311 0.747075 0.747075 0.747075
1543.896484 0.000000 2880.634766 0.000000 0.400116 0.000000 -0.916464 1.316268 1.316268 1.316268
1545.474365 0.000000 2883.277344 0.000000 0.200237 0.000000 -0.979747 0.939465 0.939465 0.939465
1554.001953 0.000000 2915.498535 0.000000 0.673889 0.000000 0.738833 0.688755 0.688755 0.688755
1553.073853 0.000000 2918.266113 0.000000 0.933652 0.000000 -0.358181 0.851945 0.851945 0.851945
1540.309448 0.000000 2888.955322 0.000000 0.939038 0.000000 -0.343812 0.868696 0.868696 0.868696
1537.738647 0.000000 2886.667480 0.000000 0.554255 0.000000 0.832347 0.605570 0.605570 0.605570
1543.111328 0.000000 2885.845215 0.000000 0.525625 0.000000 0.850716 0.550078 0.550078 0.550078
1541.176880 0.000000 2885.325684 0.000000 0.597002 0.000000 -0.802240 1.192355 1.192355 1.192355
1554.091187 0.000000 2919.850586 0.000000 0.763142 0.000000 0.646231 0.574064 0.574064 0.574064
1539.679443 0.000000 2886.962402 0.000000 0.962474 0.000000 0.271374 0.715472 0.715472 0.715472
1543.779297 0.000000 2882.509766 0.000000 0.996339 0.000000 -0.085485 0.828718 0.828718 0.828718
1557.221802 0.000000 2917.908447 0.000000 0.730994 0.000000 0.682384 0.633504 0.633504 0.633504
1551.177490 0.000000 2917.978271 0.000000 0.763112 0.000000 -0.646266 0.962797 0.962797 0.962797
1662.990723 0.000000 2886.199707 0.000000 0.983600 0.000000 0.180362 0.786961 0.786961 0.786961
1662.661499 0.000000 2892.687744 0.000000 0.793532 0.000000 0.608528 0.741203 0.741203 0.741203
1616.815918 0.000000 2928.879395 0.000000 0.584993 0.000000 -0.811038 1.198629 1.198629 1.198629
1663.436646 0.000000 2937.815430 0.000000 0.191718 0.000000 -0.981450 1.443959 1.443959 1.443959
1660.418579 0.000000 2891.740967 0.000000 0.998551 0.000000 -0.053823 0.822155 0.822155 0.822155
1617.428833 0.000000 2926.606201 0.000000 0.891591 0.000000 0.452842 0.648885 0.648885 0.648885
1662.911743 0.000000 2933.127686 0.000000 0.957525 0.000000 -0.288352 0.944882 0.944882 0.944882
1656.708618 0.000000 2890.937256 0.000000 0.194102 0.000000 0.980981 0.604955 0.604955 0.604955
1662.891235 0.000000 2928.303223 0.000000 0.955752 0.000000 0.294174 0.703986 0.703986 0.703986
1623.892700 0.000000 2933.591553 0.000000 0.998547 0.000000 -0.053882 0.820026 0.820026 0.820026
1622.696899 0.000000 2931.754883 0.000000 0.721302 0.000000 -0.692620 0.923778 0.923778 0.923778
1621.616699 0.000000 2928.611328 0.000000 0.505343 0.000000 -0.862919 0.985045 0.985045 0.985045
1661.199463 0.000000 2934.825684 0.000000 0.631980 0.000000 0.774985 0.596343 0.596343 0.596343
1618.770630 0.000000 2929.664062 0.000000 0.979431 0.000000 -0.201781 0.874666 0.874666 0.874666
1663.223145 0.000000 2890.692383 0.000000 0.997226 0.000000 0.074433 0.777085 0.777085 0.777085
1692.507202 0.000000 2874.009277 0.000000 0.733037 0.000000 -0.680189 1.164530 1.164530 1.164530
1691.142212 0.000000 2876.209717 0.000000 0.059872 0.000000 -0.998206 1.056496 1.056496 1.056496
1688.039795 0.000000 2877.130371 0.000000 0.207802 0.000000 -0.978171 1.177966 1.177966 1.177966
1685.011230 0.000000 2876.308350 0.000000 0.203029 0.000000 -0.979173 1.108368 1.108368 1.108368
1696.333618 0.000000 2875.397705 0.000000 0.930217 0.000000 0.367011 0.698676 0.698676 0.698676
1691.471558 0.000000 2872.107910 0.000000 0.374282 0.000000 0.927315 0.524956 0.524956 0.524956
1692.850952 0.000000 2875.929443 0.000000 0.399282 0.000000 0.916828 0.234671 0.234671 0.234671
1696.150635 0.000000 2877.211426 0.000000 0.858175 0.000000 -0.513357 1.039027 1.039027 1.039027
1684.696655 0.000000 2878.338623 0.000000 0.342860 0.000000 0.939387 0.312340 0.312340 0.312340
1714.972656 0.000000 2933.862305 0.000000 0.929746 0.000000 0.368202 0.792469 0.792469 0.792469
1696.492065 0.000000 2885.342041 0.000000 0.474314 0.000000 0.880355 0.251686 0.251686 0.251686
1703.027100 0.000000 2927.994873 0.000000 0.954789 0.000000 0.297284 0.780708 0.780708 0.780708
1711.505127 0.000000 2941.498047 0.000000 0.174727 0.000000 0.984617 0.206479 0.206479 0.206479
1690.742798 0.000000 2928.798096 0.000000 0.010665 0.000000 0.999943 0.105142 0.105142 0.105142
1716.010010 0.000000 2901.026123 0.000000 0.998979 0.000000 -0.045187 0.820403 0.820403 0.820403
1707.506226 0.000000 2897.973877 0.000000 0.999073 0.000000 0.043039 0.779450 0.779450 0.779450
1694.657349 0.000000 2940.266602 0.000000 0.779787 0.000000 -0.626045 1.097236 1.097236 1.097236
1709.092041 0.000000 2928.735352 0.000000 0.800944 0.000000 -0.598739 1.120520 1.120520 1.120520
1696.372559 0.000000 2881.102295 0.000000 0.113241 0.000000 0.993568 0.683576 0.683576 0.683576
1711.676758 0.000000 2937.922119 0.000000 0.487746 0.000000 0.872985 0.276447 0.276447 0.276447
1695.316040 0.000000 2932.261475 0.000000 0.582520 0.000000 0.812816 0.411459 0.411459 0.411459
1708.423828 0.000000 2934.564941 0.000000 0.884662 0.000000 0.466233 0.571383 0.571383 0.571383
1711.267090 0.000000 2891.071777 0.000000 0.864605 0.000000 0.502453 0.561329 0.561329 0.561329
1708.932617 0.000000 2889.158447 0.000000 0.238938 0.000000 0.971035 0.226438 0.226438 0.226438
1695.298340 0.000000 2887.888916 0.000000 0.981202 0.000000 -0.192983 0.897742 0.897742 0.897742
1702.768921 0.000000 2897.145752 0.000000 0.914025 0.000000 -0.405658 0.962678 0.962678 0.962678
1706.703857 0.000000 2903.913818 0.000000 0.825144 0.000000 -0.564922 1.058988 1.058988 1.058988
1704.974365 0.000000 2899.239014 0.000000 0.857873 0.000000 0.513862 0.582270 0.582270 0.582270
1708.036255 0.000000 2894.832031 0.000000 0.872425 0.000000 0.488747 0.734727 0.734727 0.734727
1710.886108 0.000000 2893.931641 0.000000 0.948085 0.000000 -0.318018 0.943497 0.943497 0.943497
1700.258667 0.000000 2919.043213 0.000000 0.383610 0.000000 -0.923495 1.239625 1.239625 1.239625
1692.071777 0.000000 2934.317139 0.000000 0.781247 0.000000 -0.624222 0.887516 0.887516 0.887516
1665.762817 0.000000 2928.194580 0.000000 0.512093 0.000000 0.858930 0.416189 0.416189 0.416189
1699.948608 0.000000 2898.654541 0.000000 0.860241 0.000000 -0.509887 0.861981 0.861981 0.861981
1698.614624 0.000000 2893.294189 0.000000 0.934979 0.000000 0.354703 0.664576 0.664576 0.664576
1692.973389 0.000000 2925.600342 0.000000 0.999499 0.000000 0.031636 0.787803 0.787803 0.787803
1709.155029 0.000000 2902.566895 0.000000 0.183209 0.000000 -0.983074 1.464623 1.464623 1.464623
1697.347168 0.000000 2928.877197 0.000000 0.350329 0.000000 0.936627 0.635277 0.635277 0.635277
1717.470825 0.000000 2897.706299 0.000000 0.164978 0.000000 -0.986297 1.299511 1.299511 1.299511
1694.914062 0.000000 2900.759033 0.000000 0.257127 0.000000 -0.966377 1.286925 1.286925 1.286925
1713.622070 0.000000 2936.236328 0.000000 0.671852 0.000000 0.740685 0.466825 0.466825 0.466825
1714.259277 0.000000 2902.846680 0.000000 0.267716 0.000000 -0.963498 0.997293 0.997293 0.997293
1707.174927 0.000000 2924.250488 0.000000 0.410766 0.000000 0.911741 0.337049 0.337049 0.337049
1699.009399 0.000000 2902.312744 0.000000 0.997959 0.000000 -0.063852 0.826161 0.826161 0.826161
1691.973755 0.000000 2923.298096 0.000000 0.813998 0.000000 -0.580868 0.897792 0.897792 0.897792
1701.188110 0.000000 2905.835693 0.000000 0.237631 0.000000 0.971356 0.140800 0.140800 0.140800
1709.696655 0.000000 2939.803711 0.000000 0.998286 0.000000 -0.058519 0.807017 0.807017 0.807017
1714.893555 0.000000 2909.836426 0.000000 0.921054 0.000000 0.389434 0.613050 0.613050 0.613050
1694.508545 0.000000 2893.118164 0.000000 0.988391 0.000000 0.151935 0.738769 0.738769 0.738769
1696.592896 0.000000 2905.971436 0.000000 0.344735 0.000000 -0.938700 0.941190 0.941190 0.941190
1700.550781 0.000000 2930.688721 0.000000 0.934099 0.000000 0.357015 0.635945 0.635945 0.635945
1693.312500 0.000000 2921.219482 0.000000 0.108905 0.000000 -0.994052 1.053980 1.053980 1.053980
1712.316162 0.000000 2909.873047 0.000000 0.902019 0.000000 0.431697 0.614565 0.614565 0.614565
1705.441895 0.000000 2920.361084 0.000000 0.535091 0.000000 0.844795 0.365930 0.365930 0.365930
1682.204224 0.000000 2881.458740 0.000000 0.037530 0.000000 -0.999295 1.026609 1.026609 1.026609
1702.759644 0.000000 2939.015381 0.000000 0.468810 0.000000 0.883299 0.289599 0.289599 0.289599
1701.790771 0.000000 2890.433838 0.000000 0.768061 0.000000 -0.640377 1.052627 1.052627 1.052627
1699.250000 0.000000 2942.542969 0.000000 0.730306 0.000000 0.683121 0.549170 0.549170 0.549170
1691.142212 0.000000 2940.194092 0.000000 0.040228 0.000000 -0.999191 1.493914 1.493914 1.493914
1690.360107 0.000000 2888.907959 0.000000 0.691304 0.000000 -0.722564 1.162875 1.162875 1.162875
1690.292847 0.000000 2937.399902 0.000000 0.975061 0.000000 0.221936 0.711498 0.711498 0.711498
1695.732544 0.000000 2898.559570 0.000000 0.410379 0.000000 0.911915 0.352927 0.352927 0.352927
1695.281860 0.000000 2925.790283 0.000000 0.647190 0.000000 0.762329 0.516048 0.516048 0.516048
1694.241699 0.000000 2930.214355 0.000000 0.828327 0.000000 0.560246 0.551766 0.551766 0.551766
1715.699585 0.000000 2895.825684 0.000000 0.685210 0.000000 0.728346 0.407277 0.407277 0.407277
1695.606812 0.000000 2921.518555 0.000000 0.870206 0.000000 0.492689 0.637429 0.637429 0.637429
1697.286987 0.000000 2933.265625 0.000000 0.190068 0.000000 0.981771 0.529979 0.529979 0.529979
1714.272705 0.000000 2905.478760 0.000000 0.902295 0.000000 0.431119 0.717208 0.717208 0.717208
1711.490845 0.000000 2932.528076 0.000000 0.613601 0.000000 -0.789616 1.258099 1.258099 1.258099
1687.645996 0.000000 2879.453369 0.000000 0.159780 0.000000 0.987153 0.352135 0.352135 0.352135
1706.750244 0.000000 2936.665771 0.000000 0.985605 0.000000 0.169062 0.774893 0.774893 0.774893
1703.339233 0.000000 2935.151855 0.000000 0.755031 0.000000 0.655690 0.444374 0.444374 0.444374
1704.460327 0.000000 2886.906006 0.000000 0.835721 0.000000 -0.549155 0.989259 0.989259 0.989259
1715.602173 0.000000 2941.330078 0.000000 0.094122 0.000000 -0.995561 1.304278 1.304278 1.304278
1700.535278 0.000000 2888.647461 0.000000 0.513777 0.000000 0.857924 0.379845 0.379845 0.379845
1691.327271 0.000000 2881.773926 0.000000 0.879389 0.000000 -0.476104 0.911000 0.911000 0.911000
1694.253296 0.000000 2885.998535 0.000000 0.946987 0.000000 -0.321271 0.966576 0.966576 0.966576
1696.162476 0.000000 2883.149658 0.000000 0.983580 0.000000 -0.180474 0.864514 0.864514 0.864514
1663.798584 0.000000 2937.685791 0.000000 0.805734 0.000000 0.592277 0.503753 0.503753 0.503753
1699.463745 0.000000 2933.010254 0.000000 0.859983 0.000000 0.510323 0.550773 0.550773 0.550773
1699.202881 0.000000 2884.996094 0.000000 0.758295 0.000000 0.651911 0.476640 0.476640 0.476640
1700.545776 0.000000 2900.945312 0.000000 0.992190 0.000000 -0.124738 0.820982 0.820982 0.820982
1692.578003 0.000000 2892.551025 0.000000 0.056417 0.000000 -0.998407 1.259727 1.259727 1.259727
1701.273926 0.000000 2879.937744 0.000000 0.948206 0.000000 -0.317655 0.948492 0.948492 0.948492
1710.179810 0.000000 2942.954346 0.000000 0.819008 0.000000 -0.573782 1.033124 1.033124 1.033124
1688.039795 0.000000 2941.114746 0.000000 0.976502 0.000000 0.215511 0.762257 0.762257 0.762257
1692.437500 0.000000 2927.611084 0.000000 0.840101 0.000000 -0.542431 0.959165 0.959165 0.959165
1707.091187 0.000000 2929.093262 0.000000 0.574590 0.000000 -0.818441 0.993389 0.993389 0.993389
1718.155518 0.000000 2904.831299 0.000000 0.629496 0.000000 -0.777004 1.002615 1.002615 1.002615
1698.554932 0.000000 2918.011475 0.000000 0.872665 0.000000 0.488319 0.709316 0.709316 0.709316
1710.387207 0.000000 2936.467041 0.000000 0.585561 0.000000 -0.810629 1.266296 1.266296 1.266296
1713.052124 0.000000 2933.796631 0.000000 0.920769 0.000000 -0.390108 0.882440 0.882440 0.882440
1690.364136 0.000000 2895.614990 0.000000 0.546031 0.000000 -0.837765 1.109443 1.109443 1.109443
1702.830688 0.000000 2883.539551 0.000000 0.084145 0.000000 0.996454 0.182448 0.182448 0.182448
1702.340332 0.000000 2929.807861 0.000000 0.660746 0.000000 0.750610 0.642307 0.642307 0.642307
1692.355713 0.000000 2929.801025 0.000000 0.468646 0.000000 0.883386 0.497168 0.497168 0.497168
1710.987793 0.000000 2903.070557 0.000000 0.895374 0.000000 0.445314 0.684778 0.684778 0.684778
1717.810425 0.000000 2907.592285 0.000000 0.028941 0.000000 -0.999581 1.369697 1.369697 1.369697
1713.412842 0.000000 2941.658203 0.000000 0.687141 0.000000 0.726524 0.502762 0.502762 0.502762
1699.202148 0.000000 2920.983398 0.000000 0.999756 0.000000 -0.022091 0.810193 0.810193 0.810193
1717.911743 0.000000 2901.343750 0.000000 0.982478 0.000000 0.186381 0.715377 0.715377 0.715377
1699.427612 0.000000 2926.431885 0.000000 0.994404 0.000000 -0.105645 0.847352 0.847352 0.847352
1698.246826 0.000000 2895.357910 0.000000 0.800070 0.000000 -0.599907 1.023589 1.023589 1.023589
1692.408813 0.000000 2885.089600 0.000000 0.845503 0.000000 0.533970 0.661622 0.661622 0.661622
1706.118042 0.000000 2941.380127 0.000000 0.210777 0.000000 -0.977534 1.055032 1.055032 1.055032
1702.945312 0.000000 2885.743652 0.000000 0.259517 0.000000 -0.965739 1.466299 1.466299 1.466299
1705.495972 0.000000 2918.358154 0.000000 0.977092 0.000000 0.212818 0.733181 0.733181 0.733181
1717.232178 0.000000 2899.583252 0.000000 0.173204 0.000000 0.984886 0.158398 0.158398 0.158398
1714.906616 0.000000 2894.087158 0.000000 0.720999 0.000000 -0.692936 1.168487 1.168487 1.168487
1696.956909 0.000000 2935.739746 0.000000 0.995756 0.000000 0.092036 0.764841 0.764841 0.764841
1702.014893 0.000000 2919.618652 0.000000 0.574327 0.000000 -0.818626 1.244368 1.244368 1.244368
1689.261230 0.000000 2930.073975 0.000000 0.432896 0.000000 0.901444 0.537559 0.537559 0.537559
1696.963745 0.000000 2887.112305 0.000000 0.803372 0.000000 -0.595478 1.082819 1.082819 1.082819
1700.097900 0.000000 2881.682373 0.000000 0.986440 0.000000 -0.164122 0.863222 0.863222 0.863222
1710.000000 0.000000 2933.625488 0.000000 0.742175 0.000000 -0.670206 1.169670 1.169670 1.169670
1701.492554 0.000000 2926.992188 0.000000 0.908507 0.000000 -0.417869 0.904182 0.904182 0.904182
1688.369873 0.000000 2937.600342 0.000000 0.969816 0.000000 -0.243840 0.867891 0.867891 0.867891
1667.609375 0.000000 2922.072998 0.000000 0.904303 0.000000 0.426892 0.613252 0.613252 0.613252
1689.143066 0.000000 2884.842285 0.000000 0.565966 0.000000 -0.824428 1.032285 1.032285 1.032285
1705.878906 0.000000 2885.696777 0.000000 0.452458 0.000000 -0.891786 1.107932 1.107932 1.107932
1712.253784 0.000000 2939.696777 0.000000 0.924394 0.000000 0.381439 0.639767 0.639767 0.639767
1704.594116 0.000000 2897.389648 0.000000 0.345791 0.000000 0.938312 0.481399 0.481399 0.481399
1701.361328 0.000000 2886.942871 0.000000 0.046580 0.000000 -0.998915 1.360131 1.360131 1.360131
1691.031372 0.000000 2932.845703 0.000000 0.613083 0.000000 0.790019 0.459816 0.459816 0.459816
1697.466309 0.000000 2921.924805 0.000000 0.950956 0.000000 -0.309327 0.909918 0.909918 0.909918
1708.154663 0.000000 2927.254883 0.000000 0.963817 0.000000 0.266566 0.691679 0.691679 0.691679
1696.333618 0.000000 2939.382080 0.000000 0.454055 0.000000 -0.890974 1.302869 1.302869 1.302869
1704.985352 0.000000 2903.582031 0.000000 0.064914 0.000000 0.997891 0.357895 0.357895 0.357895
1694.545044 0.000000 2882.295410 0.000000 0.473663 0.000000 0.880706 0.251310 0.251310 0.251310
1684.447021 0.000000 2881.151611 0.000000 0.713103 0.000000 -0.701060 1.128943 1.128943 1.128943
1700.518433 0.000000 2883.397949 0.000000 0.611580 0.000000 -0.791183 1.040631 1.040631 1.040631
1665.527100 0.000000 2917.602539 0.000000 0.084125 0.000000 -0.996455 1.188944 1.188944 1.188944
1691.471558 0.000000 2936.092285 0.000000 0.589045 0.000000 0.808100 0.427910 0.427910 0.427910
1700.268799 0.000000 2935.780518 0.000000 0.308814 0.000000 0.951122 0.518854 0.518854 0.518854
1665.977783 0.000000 2926.455566 0.000000 0.466905 0.000000 0.884308 0.284249 0.284249 0.284249
1716.772095 0.000000 2902.634277 0.000000 0.971689 0.000000 -0.236262 0.900515 0.900515 0.900515
1698.888184 0.000000 2929.632812 0.000000 0.185802 0.000000 -0.982587 1.151027 1.151027 1.151027
1685.853516 0.000000 2883.643799 0.000000 0.682358 0.000000 0.731018 0.596967 0.596967 0.596967
1696.261108 0.000000 2927.468018 0.000000 0.970803 0.000000 0.239876 0.706625 0.706625 0.706625
1690.916870 0.000000 2930.803955 0.000000 0.697756 0.000000 -0.716336 1.155656 1.155656 1.155656
1705.499878 0.000000 2905.223389 0.000000 0.350482 0.000000 0.936569 0.519040 0.519040 0.519040
1699.872070 0.000000 2892.117432 0.000000 0.995546 0.000000 0.094281 0.764735 0.764735 0.764735
1712.370483 0.000000 2896.939209 0.000000 0.224899 0.000000 0.974382 0.464475 0.464475 0.464475
1696.150635 0.000000 2941.195801 0.000000 0.374258 0.000000 -0.927325 1.122473 1.122473 1.122473
1692.558838 0.000000 2882.918457 0.000000 0.220475 0.000000 0.975393 0.347531 0.347531 0.347531
1706.690918 0.000000 2908.385742 0.000000 0.452724 0.000000 -0.891651 1.138633 1.138633 1.138633
1712.000122 0.000000 2943.134766 0.000000 0.934696 0.000000 0.355447 0.706374 0.706374 0.706374
1700.980469 0.000000 2897.314697 0.000000 0.917261 0.000000 -0.398285 0.978359 0.978359 0.978359
1707.895142 0.000000 2899.638428 0.000000 0.850104 0.000000 0.526615 0.581784 0.581784 0.581784
1663.835449 0.000000 2932.573242 0.000000 0.970543 0.000000 0.240928 0.679479 0.679479 0.679479
1710.248169 0.000000 2892.392090 0.000000 0.708693 0.000000 -0.705517 1.147239 1.147239 1.147239
1690.811523 0.000000 2885.587646 0.000000 0.970611 0.000000 0.240656 0.699520 0.699520 0.699520
1703.597168 0.000000 2881.026855 0.000000 0.798050 0.000000 -0.602592 0.973088 0.973088 0.973088
1702.423584 0.000000 2941.770020 0.000000 0.861513 0.000000 -0.507735 0.985073 0.985073 0.985073
1664.135498 0.000000 2928.514160 0.000000 0.273654 0.000000 -0.961828 1.280557 1.280557 1.280557
1710.435181 0.000000 2901.444336 0.000000 0.980391 0.000000 0.197062 0.725123 0.725123 0.725123
1706.075317 0.000000 2925.499023 0.000000 0.286069 0.000000 -0.958209 1.316678 1.316678 1.316678
1696.342651 0.000000 2901.519775 0.000000 0.823979 0.000000 -0.566620 1.018970 1.018970 1.018970
1710.624756 0.000000 2889.566895 0.000000 0.915945 0.000000 -0.401305 0.901443 0.901443 0.901443
1691.230591 0.000000 2893.635742 0.000000 0.257784 0.000000 -0.966202 1.323304 1.323304 1.323304
1703.386230 0.000000 2898.647217 0.000000 0.445057 0.000000 -0.895502 1.163433 1.163433 1.163433
1711.807251 0.000000 2895.270752 0.000000 0.298069 0.000000 -0.954544 1.288821 1.288821 1.288821
1701.163330 0.000000 2932.188477 0.000000 0.564163 0.000000 0.825663 0.547791 0.547791 0.547791
1702.662476 0.000000 2901.685791 0.000000 0.743703 0.000000 -0.668510 1.123187 1.123187 1.123187
1700.122925 0.000000 2894.199219 0.000000 0.657449 0.000000 0.753499 0.506847 0.506847 0.506847
1745.734741 0.000000 2934.246094 0.000000 0.434552 0.000000 -0.900647 0.970195 0.970195 0.970195
1745.570068 0.000000 2940.339600 0.000000 0.528266 0.000000 0.849079 0.407018 0.407018 0.407018
1746.772095 0.000000 2937.066406 0.000000 0.728659 0.000000 0.684876 0.570969 0.570969 0.570969
1745.387085 0.000000 2942.563721 0.000000 0.880330 0.000000 -0.474361 1.016177 1.016177 1.016177
1575.401855 0.000000 2962.631592 0.000000 0.993764 0.000000 -0.111505 0.845972 0.845972 0.845972
1657.017212 0.000000 2968.546143 0.000000 0.499209 0.000000 0.866481 0.437855 0.437855 0.437855
1660.331909 0.000000 2961.922852 0.000000 0.685109 0.000000 0.728441 0.694061 0.694061 0.694061
1660.458862 0.000000 2966.500244 0.000000 0.918939 0.000000 0.394401 0.743320 0.743320 0.743320
1663.034668 0.000000 2974.877197 0.000000 0.964910 0.000000 -0.262580 0.857841 0.857841 0.857841
1657.349854 0.000000 2970.566406 0.000000 0.465577 0.000000 -0.885007 1.247024 1.247024 1.247024
1659.087524 0.000000 2967.891357 0.000000 0.167116 0.000000 0.985937 0.239618 0.239618 0.239618
1662.844971 0.000000 2963.617188 0.000000 0.931662 0.000000 0.363327 0.641816 0.641816 0.641816
1658.697388 0.000000 2973.640381 0.000000 0.942460 0.000000 -0.334320 0.933442 0.933442 0.933442
1659.536743 0.000000 2965.035156 0.000000 0.192032 0.000000 0.981389 0.335026 0.335026 0.335026
1607.971680 0.000000 3036.590088 0.000000 0.999996 0.000000 -0.002877 0.800012 0.800012 0.800012
1621.307251 0.000000 3033.529785 0.000000 0.204827 0.000000 -0.978798 1.494939 1.494939 1.494939
1625.994141 0.000000 3035.104980 0.000000 0.105919 0.000000 -0.994375 0.867282 0.867282 0.867282
1619.578369 0.000000 3055.603516 0.000000 0.888213 0.000000 -0.459433 1.029768 1.029768 1.029768
1611.863159 0.000000 3052.919678 0.000000 0.759198 0.000000 -0.650860 1.135468 1.135468 1.135468
1618.753906 0.000000 3037.108398 0.000000 0.713331 0.000000 0.700827 0.435522 0.435522 0.435522
1622.813721 0.000000 3047.804932 0.000000 0.239467 0.000000 -0.970905 0.874320 0.874320 0.874320
1605.792725 0.000000 3018.437744 0.000000 0.907503 0.000000 -0.420045 1.013851 1.013851 1.013851
1608.242310 0.000000 3047.191162 0.000000 0.746692 0.000000 -0.665170 1.170626 1.170626 1.170626
1603.150146 0.000000 3020.328369 0.000000 0.870288 0.000000 -0.492544 1.024235 1.024235 1.024235
1607.387695 0.000000 3053.914062 0.000000 0.557712 0.000000 -0.830034 0.862580 0.862580 0.862580
1622.023193 0.000000 3043.533691 0.000000 0.998196 0.000000 -0.060043 0.803720 0.803720 0.803720
1612.290527 0.000000 3016.133057 0.000000 0.794501 0.000000 -0.607262 1.080235 1.080235 1.080235
1618.641968 0.000000 3032.156494 0.000000 0.054403 0.000000 -0.998519 1.572279 1.572279 1.572279
1607.818970 0.000000 3044.358887 0.000000 0.434256 0.000000 -0.900789 1.245774 1.245774 1.245774
1619.038696 0.000000 3052.830078 0.000000 0.788305 0.000000 -0.615284 1.116355 1.116355 1.116355
1616.846313 0.000000 3027.502930 0.000000 0.814961 0.000000 0.579515 0.511113 0.511113 0.511113
1614.093018 0.000000 3054.307373 0.000000 0.617445 0.000000 0.786614 0.440186 0.440186 0.440186
1617.136475 0.000000 3017.555176 0.000000 0.880447 0.000000 -0.474144 0.853277 0.853277 0.853277
1619.002930 0.000000 3023.018799 0.000000 0.878709 0.000000 -0.477357 1.006734 1.006734 1.006734
1617.994141 0.000000 3043.467285 0.000000 0.239054 0.000000 0.971006 0.138870 0.138870 0.138870
1617.066040 0.000000 3046.234863 0.000000 0.486754 0.000000 -0.873539 1.237115 1.237115 1.237115
1617.653809 0.000000 3039.301758 0.000000 0.525086 0.000000 -0.851049 0.964685 0.964685 0.964685
1619.117310 0.000000 3034.708984 0.000000 0.985048 0.000000 -0.172282 0.881612 0.881612 0.881612
1622.927490 0.000000 3024.054199 0.000000 0.020139 0.000000 -0.999797 1.053956 1.053956 1.053956
1620.302979 0.000000 3038.975586 0.000000 0.998511 0.000000 0.054549 0.772205 0.772205 0.772205
1604.337769 0.000000 3011.048828 0.000000 0.457247 0.000000 0.889340 0.653352 0.653352 0.653352
1620.988525 0.000000 3049.621826 0.000000 0.746679 0.000000 0.665184 0.468608 0.468608 0.468608
1617.428833 0.000000 3054.574951 0.000000 0.703541 0.000000 0.710655 0.507945 0.507945 0.507945
1620.994263 0.000000 3036.666748 0.000000 0.898444 0.000000 -0.439088 1.031517 1.031517 1.031517
1599.876587 0.000000 3016.514648 0.000000 0.166755 0.000000 -0.985998 1.046633 1.046633 1.046633
1607.315674 0.000000 3016.738281 0.000000 0.755959 0.000000 -0.654619 1.093630 1.093630 1.093630
1618.924438 0.000000 3026.613037 0.000000 0.146062 0.000000 0.989275 0.225414 0.225414 0.225414
1620.963501 0.000000 3053.816406 0.000000 0.999790 0.000000 -0.020490 0.810314 0.810314 0.810314
1609.302368 0.000000 3049.008545 0.000000 0.993771 0.000000 -0.111445 0.856877 0.856877 0.856877
1614.925293 0.000000 3026.614258 0.000000 0.271492 0.000000 -0.962441 1.032932 1.032932 1.032932
1617.110596 0.000000 3035.735352 0.000000 0.908220 0.000000 0.418494 0.717211 0.717211 0.717211
1604.301636 0.000000 3016.924072 0.000000 0.761622 0.000000 -0.648021 0.946434 0.946434 0.946434
1617.039551 0.000000 3022.312012 0.000000 0.921945 0.000000 0.387320 0.661784 0.661784 0.661784
1601.730835 0.000000 3014.636230 0.000000 0.962767 0.000000 -0.270331 0.890755 0.890755 0.890755
1613.822510 0.000000 3014.478271 0.000000 0.953595 0.000000 0.301092 0.713262 0.713262 0.713262
1601.820923 0.000000 3018.839600 0.000000 0.967498 0.000000 0.252880 0.685114 0.685114 0.685114
1618.770630 0.000000 3057.632812 0.000000 0.773022 0.000000 -0.634379 0.916664 0.916664 0.916664
1606.137939 0.000000 3047.118652 0.000000 0.952150 0.000000 -0.305631 0.905458 0.905458 0.905458
1614.569702 0.000000 3016.334961 0.000000 0.542316 0.000000 -0.840175 1.150672 1.150672 1.150672
1614.929321 0.000000 3042.239014 0.000000 0.917519 0.000000 -0.397692 0.933150 0.933150 0.933150
1607.297852 0.000000 3048.932861 0.000000 0.520663 0.000000 0.853762 0.511865 0.511865 0.511865
1607.795898 0.000000 3018.711670 0.000000 0.845218 0.000000 -0.534422 0.966661 0.966661 0.966661
1610.967896 0.000000 3014.664062 0.000000 0.530511 0.000000 -0.847678 1.143467 1.143467 1.143467
1620.807251 0.000000 3027.127930 0.000000 0.608972 0.000000 -0.793192 1.246407 1.246407 1.246407
1621.042725 0.000000 3022.974365 0.000000 0.966103 0.000000 -0.258156 0.883441 0.883441 0.883441
1607.103516 0.000000 3013.813965 0.000000 0.440818 0.000000 -0.897597 1.191687 1.191687 1.191687
1605.169067 0.000000 3013.294434 0.000000 0.075578 0.000000 -0.997140 1.388274 1.388274 1.388274
1620.032349 0.000000 3030.609375 0.000000 0.663342 0.000000 -0.748316 1.215422 1.215422 1.215422
1619.985962 0.000000 3043.228027 0.000000 0.904318 0.000000 -0.426860 1.012277 1.012277 1.012277
1618.083374 0.000000 3047.819336 0.000000 0.999252 0.000000 -0.038659 0.811276 0.811276 0.811276
1601.250366 0.000000 3021.158936 0.000000 0.160290 0.000000 0.987070 0.203065 0.203065 0.203065
1603.671631 0.000000 3014.931152 0.000000 0.671263 0.000000 -0.741219 1.116818 1.116818 1.116818
1615.706421 0.000000 3055.341553 0.000000 0.924337 0.000000 -0.381578 0.955603 0.955603 0.955603
1611.504150 0.000000 3038.574951 0.000000 0.911311 0.000000 -0.411720 1.002555 1.002555 1.002555
1609.248657 0.000000 3045.553223 0.000000 0.986572 0.000000 -0.163330 0.883557 0.883557 0.883557
1618.227051 0.000000 3029.955566 0.000000 0.941408 0.000000 0.337269 0.644033 0.644033 0.644033
1619.872070 0.000000 3051.078125 0.000000 0.248667 0.000000 0.968589 0.446864 0.446864 0.446864
1610.045654 0.000000 3036.905518 0.000000 0.070105 0.000000 0.997540 0.506282 0.506282 0.506282
1621.213989 0.000000 3045.877197 0.000000 0.839586 0.000000 0.543227 0.624514 0.624514 0.624514
1609.559937 0.000000 3040.542236 0.000000 0.919746 0.000000 0.392515 0.675935 0.675935 0.675935
1615.298706 0.000000 3023.835449 0.000000 0.645050 0.000000 -0.764140 1.011916 1.011916 1.011916
1616.732788 0.000000 3032.061035 0.000000 0.991933 0.000000 -0.126767 0.838080 0.838080 0.838080
1612.535767 0.000000 3017.958496 0.000000 0.997957 0.000000 0.063886 0.772548 0.772548 0.772548
1621.494141 0.000000 3028.773438 0.000000 0.733967 0.000000 -0.679185 1.180267 1.180267 1.180267
1603.577271 0.000000 3018.575439 0.000000 0.700225 0.000000 -0.713922 1.030256 1.030256 1.030256
1615.169678 0.000000 3045.947021 0.000000 0.478369 0.000000 -0.878159 1.110451 1.110451 1.110451
1622.577148 0.000000 3032.223389 0.000000 0.783056 0.000000 -0.621951 0.960873 0.960873 0.960873
1612.489746 0.000000 3054.950195 0.000000 0.065677 0.000000 -0.997841 1.274946 1.274946 1.274946
1617.711304 0.000000 3033.629639 0.000000 0.657880 0.000000 -0.753122 1.055485 1.055485 1.055485
1608.305542 0.000000 3012.524170 0.000000 0.555693 0.000000 -0.831388 1.176414 1.176414 1.176414
1614.598755 0.000000 3052.224121 0.000000 0.955683 0.000000 0.294398 0.714057 0.714057 0.714057
1609.720459 0.000000 3015.833496 0.000000 0.327759 0.000000 0.944761 0.399809 0.399809 0.399809
1610.159546 0.000000 3012.785645 0.000000 0.035451 0.000000 0.999371 0.346168 0.346168 0.346168
1618.746338 0.000000 3024.650879 0.000000 0.968383 0.000000 -0.249467 0.895677 0.895677 0.895677
1623.735474 0.000000 3037.292969 0.000000 0.436417 0.000000 0.899745 0.449061 0.449061 0.449061
1606.756226 0.000000 3045.582520 0.000000 0.934068 0.000000 0.357096 0.654868 0.654868 0.654868
1611.076904 0.000000 3017.239258 0.000000 0.143702 0.000000 0.989621 0.270039 0.270039 0.270039
1711.650024 0.000000 2952.155518 0.000000 0.258781 0.000000 0.965936 0.763398 0.763398 0.763398
1668.213623 0.000000 2976.298340 0.000000 0.503017 0.000000 -0.864277 0.850029 0.850029 0.850029
1690.822998 0.000000 2947.828369 0.000000 0.023244 0.000000 0.999730 0.682549 0.682549 0.682549
1669.243164 0.000000 2971.386230 0.000000 0.946238 0.000000 0.323472 0.767106 0.767106 0.767106
1708.932617 0.000000 2953.142822 0.000000 0.554999 0.000000 0.831851 0.697968 0.697968 0.697968
1703.227051 0.000000 2943.335205 0.000000 0.867105 0.000000 -0.498126 0.873942 0.873942 0.873942
1669.726318 0.000000 2974.018311 0.000000 0.818918 0.000000 0.573911 0.734074 0.734074 0.734074
1706.391235 0.000000 2953.940186 0.000000 0.740450 0.000000 -0.672112 0.900101 0.900101 0.900101
1707.739502 0.000000 2945.991455 0.000000 0.119894 0.000000 -0.992787 1.315705 1.315705 1.315705
1666.086792 0.000000 2975.208252 0.000000 0.999881 0.000000 -0.015451 0.805339 0.805339 0.805339
1711.499268 0.000000 2947.186279 0.000000 0.871893 0.000000 0.489697 0.608873 0.608873 0.608873
1704.460327 0.000000 2950.890381 0.000000 0.998242 0.000000 -0.059269 0.825110 0.825110 0.825110
1666.826294 0.000000 2977.955322 0.000000 0.838666 0.000000 0.544646 0.683815 0.683815 0.683815
1700.535278 0.000000 2952.631836 0.000000 0.393125 0.000000 0.919485 0.459774 0.459774 0.459774
1664.582642 0.000000 2965.300049 0.000000 0.060017 0.000000 0.998197 0.151277 0.151277 0.151277
1694.613403 0.000000 2943.353760 0.000000 0.785974 0.000000 -0.618260 1.087542 1.087542 1.087542
1694.253296 0.000000 2949.982910 0.000000 0.436878 0.000000 -0.899521 1.345158 1.345158 1.345158
1704.370972 0.000000 2953.253174 0.000000 0.184939 0.000000 0.982750 0.506831 0.506831 0.506831
1667.828613 0.000000 2965.095459 0.000000 0.597185 0.000000 -0.802104 0.965455 0.965455 0.965455
1713.024414 0.000000 2945.887207 0.000000 0.464526 0.000000 0.885560 0.467624 0.467624 0.467624
1701.273926 0.000000 2943.922119 0.000000 0.042338 0.000000 -0.999103 1.389165 1.389165 1.389165
1709.661621 0.000000 2946.290039 0.000000 0.247859 0.000000 0.968796 0.330613 0.330613 0.330613
1667.867676 0.000000 2974.414551 0.000000 0.904286 0.000000 -0.426926 0.952407 0.952407 0.952407
1702.830688 0.000000 2947.523926 0.000000 0.268380 0.000000 0.963313 0.410812 0.410812 0.410812
1710.978394 0.000000 2949.164795 0.000000 0.667981 0.000000 0.744178 0.437921 0.437921 0.437921
1692.408813 0.000000 2949.073975 0.000000 0.817739 0.000000 0.575590 0.662805 0.662805 0.662805
1696.963745 0.000000 2951.096680 0.000000 0.773654 0.000000 0.633609 0.457369 0.457369 0.457369
1700.097900 0.000000 2945.666748 0.000000 0.142923 0.000000 -0.989734 1.335955 1.335955 1.335955
1706.265747 0.000000 2943.883789 0.000000 0.776619 0.000000 0.629971 0.511436 0.511436 0.511436
1701.361328 0.000000 2950.927246 0.000000 0.858822 0.000000 0.512274 0.574423 0.574423 0.574423
1665.619141 0.000000 2971.162109 0.000000 0.548300 0.000000 0.836282 0.523052 0.523052 0.523052
1664.806030 0.000000 2972.771729 0.000000 0.950133 0.000000 -0.311845 0.882974 0.882974 0.882974
1709.516113 0.000000 2944.511230 0.000000 0.893779 0.000000 0.448509 0.607716 0.607716 0.607716
1707.912598 0.000000 2949.678711 0.000000 0.150503 0.000000 0.988609 0.473915 0.473915 0.473915
1694.545044 0.000000 2946.279785 0.000000 0.000484 0.000000 -1.000000 1.395895 1.395895 1.395895
1705.545166 0.000000 2947.096436 0.000000 0.746618 0.000000 -0.665253 1.128526 1.128526 1.128526
1667.500488 0.000000 2968.056885 0.000000 0.753238 0.000000 -0.657749 0.983510 0.983510 0.983510
1665.825928 0.000000 2968.279297 0.000000 0.998191 0.000000 -0.060117 0.818261 0.818261 0.818261
1692.558838 0.000000 2946.902832 0.000000 0.788440 0.000000 -0.615112 1.005100 1.005100 1.005100
1664.342896 0.000000 2963.523926 0.000000 0.902169 0.000000 -0.431384 0.986181 0.986181 0.986181
1712.287964 0.000000 2950.616455 0.000000 0.304535 0.000000 0.952501 0.407003 0.407003 0.407003
1667.558472 0.000000 2971.227051 0.000000 0.195323 0.000000 -0.980739 1.250118 1.250118 1.250118
1703.597168 0.000000 2945.011230 0.000000 0.996172 0.000000 0.087418 0.764162 0.764162 0.764162
1664.802734 0.000000 2969.707031 0.000000 0.515163 0.000000 0.857092 0.487434 0.487434 0.487434
1714.850586 0.000000 2945.093750 0.000000 0.658221 0.000000 -0.752825 1.099611 1.099611 1.099611
1749.363525 0.000000 2943.635254 0.000000 0.141126 0.000000 0.989992 0.788582 0.788582 0.788582
1747.207886 0.000000 2943.752441 0.000000 0.714459 0.000000 0.699677 0.639034 0.639034 0.639034
1744.297729 0.000000 2945.120361 0.000000 0.667768 0.000000 0.744370 0.431090 0.431090 0.431090
"}
